5.945702465542066316e-09
4.327953910442300066e-09
2.756345862812209421e-09
9.356030759563408361e-10
2.782109392984037096e-09
-4.915368237758299359e-10
7.371371183038998535e-10
-2.054042410677115837e-09
-2.805083513798091101e-10
7.735251493068541006e-10
2.748215162271345106e-09
-1.301684581731698196e-09
-1.069411284970229943e-09
-2.467280452028260017e-09
-1.765868599373581594e-10
-2.986033096771198119e-10
2.899367110511158159e-09
1.920989187986799048e-09
1.975749218919392512e-09
3.323423081477460954e-09
2.754358509726536333e-09
8.339906093261806993e-10
8.833503155532500457e-10
-3.084131771277054374e-09
-1.638027081496837290e-09
-4.617599851099076443e-10
-9.320881588825088813e-10
-2.618310755984040921e-09
1.927527980266649072e-09
-1.354262210604051699e-09
1.171354867444109385e-09
3.653042318122579211e-09
1.204339154383932898e-09
1.096101489241779355e-09
3.161911421027881213e-10
4.367163555901462526e-09
3.178442993679003977e-09
4.751484883883119190e-09
1.924408880188485873e-09
2.624527373858255654e-09
-8.206624526835224403e-09
-2.123189653902417560e-09
-2.467070584108895968e-09
-9.761745506130704465e-10
-1.131485011696023303e-09
1.886030447592112484e-09
6.732982568186872954e-10
-4.213315357647086086e-09
-3.099678097015114940e-10
-2.074434668011486098e-09
2.631892403404415705e-09
3.149832820827210204e-09
5.625056217390177469e-09
2.719987001461244029e-09
1.236206088021949114e-09
-1.174330459077655979e-09
3.092804352868895683e-09
4.201043823302345156e-09
5.646872466240931890e-09
6.585043517812758483e-09
4.634886028100020110e-09
9.312712236902149712e-09
2.508625786947965252e-09
-1.378526080090662828e-09
-1.529617001718382743e-09
-1.385297508606300794e-09
-1.406493385274299764e-09
9.453532456472726842e-10
-2.245274562384313465e-09
2.311364645587879413e-09
3.079719548595214936e-09
2.668785238057022779e-09
-7.843233804311205368e-09
-1.987283927088424455e-09
2.488792222526064844e-09
1.464193470426529724e-09
-3.744191664135029171e-10
5.978421222820788227e-09
4.808046017961399536e-09
4.968332514621071127e-09
1.916927613388864485e-09
2.253502277731172151e-09
4.531109969063142839e-09
2.557996553141271516e-09
5.399189462613961789e-09
8.158745155351547007e-09
2.982088118231694530e-09
-8.514769975119443377e-10
-7.604306015370040599e-10
-7.750476934660889857e-10
1.098176367759643129e-09
-7.361308940333101829e-10
9.829773209751616782e-10
-2.625065211006558324e-09
6.256219977855778379e-11
-4.333941434063077243e-09
-3.757167057838625342e-09
1.940406190716542008e-09
1.463900284631403572e-09
7.307371240787768670e-09
9.265289182881873090e-10
-9.826421908955917842e-09
1.800356452217976949e-09
3.405739493616268068e-09
2.263341583890566846e-09
3.647816706485331858e-09
3.382871895683631883e-09
-1.449757818518217162e-10
1.504912685116248856e-09
1.615350758834708598e-11
5.840205122528700452e-09
1.501202981678381087e-09
2.699777933331950136e-09
3.534298943749190356e-10
9.175091077610083984e-09
3.256348251534840337e-09
-8.026151960168250691e-10
5.593813614262624180e-11
-2.982732093853639364e-09
2.761491471568542764e-09
5.260709700297155361e-10
-4.400901736072745253e-09
2.734665954006950960e-09
-1.261344711480769517e-09
-1.425653863848596315e-09
-3.599959294732209694e-09
-4.147594068977740710e-09
-3.174336133002998096e-09
3.983187606813352117e-10
-4.382729149420721239e-09
1.069785693359079257e-09
-1.860365178187460016e-09
6.669286800572217540e-09
3.477788067841071140e-09
7.551433589691933865e-10
-3.022138230284832864e-09
-2.800418447101203917e-09
4.193459123646445738e-09
1.029484651277237258e-09
4.916978321791387493e-09
4.892670728939376575e-09
4.409382212694594663e-09
3.503865309024782402e-09
-1.613933042970704581e-10
5.396316631890281526e-10
6.231718659219280768e-09
2.613621945204475529e-09
6.630844912402308668e-09
9.651663804881500832e-11
2.238014631923841734e-09
-5.917843359032474945e-10
-6.074852691075294632e-10
-3.286553624005278821e-09
-1.162951519347356513e-09
-8.778415055920780197e-10
4.328306647429176510e-09
-6.427208722851506910e-09
-7.441976992243615754e-09
-3.705023791191958392e-09
-5.110684415556424852e-09
-4.146320639997990949e-09
-2.359111291358742479e-09
1.383828626099362473e-09
4.940753658879713823e-09
-1.175596121071951460e-09
3.600952820776572677e-09
8.797193571096070846e-09
-4.614914889406695408e-09
-4.277893967041065868e-09
-3.724646511427672709e-09
6.809845911983948642e-09
2.710356617099340608e-09
7.013217509237169258e-09
9.988064584978329516e-09
1.237491190388624094e-09
2.970181843585198576e-09
5.298636271313111530e-09
3.332491793372532661e-09
-4.616100227965992760e-10
-9.137784282737954329e-11
6.823064015745322414e-09
1.066331717939215976e-09
4.381872399275234921e-09
2.043840475397339922e-10
3.747307283019753768e-09
2.784965797886985380e-09
8.205840703490823245e-10
3.928003651386688171e-10
2.395478594130525881e-10
3.848480806768537068e-09
-5.135030275043306507e-09
-3.983119495958528744e-09
-8.526971840399162105e-09
-2.773660354247263310e-09
-1.619058332434971772e-09
-1.668192909954540990e-09
6.676338800876587443e-09
-1.016946508684092598e-09
1.005839792954311135e-09
8.728224757865971610e-09
-3.176210956606571640e-09
-4.698567999220948914e-09
-4.584750360430587900e-09
3.557168306081726657e-09
4.623467374720757836e-09
3.111542790720782449e-09
1.955628992504010179e-09
2.856250549201026769e-09
3.236329064323757931e-09
7.832314712052066259e-10
3.597296384898716595e-09
2.631703617711957955e-09
1.471295273060963967e-09
2.491651089333994568e-09
5.784710675747984047e-09
-3.203493028305496757e-10
-5.490384353732708720e-09
-7.682698003474643027e-09
-4.130204110098716534e-09
-8.719910787074901929e-09
-2.223573403953713899e-09
-2.233770557625848378e-09
-5.619420805288809063e-09
7.384488262714272730e-10
4.451717904844945907e-09
6.917867290065866264e-09
2.530337054812396247e-09
5.730470041495763544e-09
5.801566568883031629e-09
-1.681627826854458740e-09
5.448107052521024417e-09
3.150324074445299289e-09
7.236967981779285328e-10
-2.823029326228816414e-10
1.335048820339721602e-09
2.781568575717876451e-09
2.820740953007410140e-09
-5.239670068055334428e-09
-7.614572967970499852e-09
-3.627765138716585063e-09
-3.261861995652265454e-09
-2.970239506979368387e-09
4.747931107935287650e-09
3.583420579939409141e-09
8.977767796228383794e-09
2.062148428482747057e-09
3.440099017148291859e-09
-7.465749039263371733e-09
3.655638559649957637e-09
4.233713152580213343e-09
3.085536316719851493e-09
2.675554280127680258e-09
-2.669569376709177784e-09
6.388974684642551680e-10
1.121913847319534970e-09
-6.126657860104146172e-09
-4.206555021113553171e-09
-5.905654484674323891e-10
-4.778637250014611633e-09
6.488749725106384804e-09
2.697103514208505371e-09
1.273811347377806010e-09
4.085468831642580432e-09
-6.643907723051132453e-09
-5.052532760633491739e-09
-5.832251404443312773e-09
-4.649311243357652756e-09
-3.500566796911534916e-09
-5.803869774345054591e-09
-5.998556183248596301e-09
-4.546414093423751985e-10
-6.993394911673220255e-09
-5.050773678651426951e-09
-4.371635477115674287e-09
-3.701609338021892646e-09
-5.884033860394769288e-09
-5.768945406473374233e-09
-6.253170546222071338e-09
-6.921671857734986086e-09
-7.214990584610777753e-09
-6.782321545417382889e-09
-3.430240524204713505e-09
-3.217428930251848903e-09
-5.837392935791294402e-09
-4.983582886277550470e-09
-4.063852028225397659e-09
-4.521654900552146269e-09
-3.761454275917267396e-09
-2.076630363210421593e-09
-2.376930531166368570e-09
-2.856630868795573161e-09
-5.295602156906931290e-09
-1.462610410709232251e-09
-6.722683917086070053e-09
-7.951730152289771436e-09
-7.744209555592185489e-09
-3.651743598606253975e-09
-1.911151459386547816e-09
-3.765121666729132350e-09
-9.298122576455411607e-09
-2.535911155489861280e-10
-5.968732984934262184e-10
-3.770297831476922866e-09
-7.384450859294380793e-09
-3.317748400528269749e-09
-5.313624421213718331e-09
-3.789145516197448024e-09
-2.370418365005964205e-09
-2.535839447324998436e-09
-4.066793594231907135e-09
-5.411214878544410064e-09
-3.695955052689395573e-09
-4.161888692114595154e-09
