-3.469138861194551865e-02
-1.784554267586902776e-01
-5.008266818902402245e-02
-3.120417150681205620e-01
-5.305334438938644204e-02
-4.083717365763656071e-01
-2.266982196234336167e-01
-4.395704652930870759e-01
-2.151387539534370397e-01
-9.656231295964480543e-02
-4.052181385674424874e-02
-5.246675848744390969e-01
-2.689671653741396162e-01
-8.943126341955626168e-02
-5.852101585233492331e-01
-3.603451247585408579e-01
-1.198896714128954710e-01
3.791539976753759839e-02
-9.965923979134602706e-02
-2.434039156157209380e-03
-1.192594752585943996e-01
-5.884491063410485223e-01
-2.739371852960700848e-01
-2.998284240795160982e-01
-9.217525737535205155e-02
-9.114854419583881540e-02
-3.090028522958073939e-02
-8.850084359239938081e-01
-4.814475498955014254e-01
-3.720653934058811840e-01
-1.140142619341297514e-01
-1.538349551202607413e-01
3.732220872054426569e-02
-1.236599769728454895e-01
4.905727801087807205e-02
-1.211949045648342688e-01
-1.460897214405493250e-01
-5.537696394807950506e-01
-5.029511363942735791e-01
-7.222526510658288101e-01
-2.176760470970099115e-01
-4.072613274963642338e-01
-3.266571772119691852e-02
-1.450182589796732424e-01
3.975605378207318352e-02
-5.268834468114973885e-02
-1.090011375426692686e+00
-1.019165848148837705e+00
-6.252188850652333763e-01
-3.438372181857118903e-01
-9.238155286050087067e-02
-1.491011788239454683e-01
-1.559855758204283238e-01
9.238345228244515539e-02
-2.985321894119058288e-03
1.730255512661887929e-01
-8.627131329084681069e-03
-1.326846942927675799e-01
-1.421651106746154858e-01
-1.603970391432383014e-01
-4.934705890314883270e-01
-5.662499634928164216e-01
-1.029500391980189722e+00
-3.692978952662968883e-02
-1.669050973396780935e-01
-1.649128921712059159e-01
1.408416535264132852e-01
3.306600370543763545e-02
9.763086758501467177e-02
-5.627835234079298782e-02
-1.217394040107918407e+00
-1.170125977807596751e+00
-1.021332946199158487e+00
-1.034348640323228929e+00
-7.528718430756640156e-01
-2.670976299120433883e-01
-2.727853110666135783e-01
-1.291901715196601408e-01
-1.383542618233601917e-01
-1.514161788303119704e-01
1.615162068713006105e-01
1.390934226684426289e-01
3.515286006166467581e-01
-5.041171345691741051e-02
-1.541661986737598022e-01
-1.727273515957286898e-01
-1.090943691481849109e+00
-7.112561885945148377e-02
-1.146890994195682786e-02
-2.975302675428892832e-02
-2.879942364589325662e-02
-2.029254363068675737e-01
-1.937621580321765014e-01
2.729619825192488580e-01
1.535051445438815609e-01
1.961028387456326960e-01
1.895721187498102533e-01
-5.802835323184740712e-02
-1.287550027029672028e+00
-1.186298634059890666e+00
-1.156455186776069288e+00
-1.004897446964390761e+00
-1.030650840756598630e+00
-1.804349009996271958e-01
-1.786642668136235734e-01
-2.849556118139139893e-01
-1.484116625301073189e-01
2.499591635096469200e-01
1.528360981478777414e-01
6.794780165759244095e-02
3.686808517172650568e-01
3.258500838354654316e-01
3.473808938594264428e-01
4.317847258066850324e-01
-1.791473957178624787e-01
-1.068681853029210593e+00
-1.076353184500161569e-01
-7.132405848789846216e-03
1.852060512969300188e-01
-6.023575319996837818e-03
-1.872532055927254302e-01
-2.066954456328534695e-01
-2.164858519051412467e-01
-2.065821239034919266e-01
-2.064275146799053329e-01
4.207152844202319275e-01
2.599454571801531610e-01
2.211072239312921461e-01
1.905324644873962192e-01
2.279351593526584840e-01
-1.305411974365376926e+00
-1.286277480354033331e+00
-1.247206646387746698e+00
-1.142937915199050192e+00
-1.175016252538650718e+00
-1.171360018821426596e+00
-1.312986821133536264e+00
-1.080530280516188046e+00
-5.322506295391687264e-02
-2.790506484941363552e-01
-2.155198923439045899e-02
-1.675922062514755284e-01
-7.366258720925297765e-02
3.223077949243861873e-02
1.636830259730686146e-02
3.549604208214713341e-01
3.237335514418907545e-01
2.881372072960184383e-01
4.504734130894861299e-01
5.202199503774864731e-01
1.525351661214014234e-02
-7.039968300449136671e-03
1.819017933946460996e-01
1.251795264417484010e-01
1.004588724896139824e-02
-2.257559846906992407e-01
5.991647144815229753e-01
3.478740394784547441e-01
2.634310124135902931e-01
2.894373367481869463e-01
2.593989834628691038e-01
-1.311958903951673694e+00
-1.119538035959397604e+00
-1.357275661087646412e+00
-1.160414337479681368e+00
-1.302454748536031826e+00
-1.227694491833475787e+00
-1.190191131943215241e+00
-1.267320964421393192e+00
-1.394767952091191310e+00
-1.050117218934797148e+00
-5.903112684210946870e-03
-3.021175235657826419e-01
-4.751763116777158458e-01
2.650053362583950581e-03
-1.716315847962671670e-01
-1.936092459283480227e-01
-4.458818054053056978e-02
5.557849731386250991e-02
1.011207455270411379e-02
3.481003665828079630e-01
3.925117297210045653e-01
2.827880174999267138e-01
5.832571549594606219e-01
6.830485134101635936e-01
5.185599500724893396e-01
4.791987653719257528e-02
8.412288858028409144e-02
3.092639192449212274e-02
-2.304460019167805240e-01
6.783808642274976597e-01
6.991718479076272086e-01
3.568221546952740630e-01
3.235460908960137716e-01
2.719666644443777814e-01
3.239818116068615694e-01
-1.374215019802455640e+00
-9.857229820173509793e-01
-1.338702686083255822e+00
-1.145253031718503456e+00
-1.234555101782659259e+00
-1.409178451079143857e+00
-1.411808777038815466e+00
1.829561547105545277e-02
1.266036726460465500e-01
-3.053223588167301439e-01
4.446041717325738968e-02
5.817062288507922861e-03
-1.637908725987532732e-01
-1.781816312058946417e-01
-1.976692574460973684e-01
-5.213825163415843761e-02
1.396270674856087690e-01
3.362455148738560107e-01
2.818988525678742807e-01
6.185344719246406164e-01
6.922301109779340766e-01
7.014622408307793489e-01
7.832606031611836217e-01
3.761716435055292296e-01
3.026790277058903911e-01
2.853626135917260997e-01
-8.024952706621419907e-01
-1.356543632762256868e+00
6.529274842537852175e-02
1.864487884365507442e-01
1.094886075067683928e-01
-2.638143612389712844e-01
-2.312212727648852717e-01
-4.031826789587186766e-01
5.213220532166147614e-02
-1.653468686272810129e-01
-1.496337727687584718e-01
2.093395799019327486e-01
1.518852669449600457e-01
2.231968109608534756e-01
2.875297173853588184e-01
7.630904318045211854e-01
6.969973977328168813e-01
8.329555676184137170e-01
4.250885076485098613e-01
-6.087614486269559144e-01
8.239813256225732296e-02
1.041465060432258116e-01
-2.032312290949934708e-01
-2.268173370223660890e-01
-2.321219045325453867e-01
-5.151003707370179763e-01
1.042844297258592734e-01
-1.954007616930767133e-01
-1.308366456212366746e-01
-1.297658390356714597e-01
3.223338261859512444e-01
1.759454808483169319e-01
2.517463855221712121e-01
6.673150921891363163e-01
8.248761495297524116e-01
9.235865832004266363e-01
5.451688280757123195e-01
-2.180820748568951806e-01
1.653715150963447067e-01
-8.646871726827173865e-02
-1.128584067499760202e-01
7.369426765421172032e-01
6.243510914398751055e-01
8.100682696086277668e-01
8.667995853662207040e-01
8.207561381123248401e-01
1.004903162729084753e+00
5.842495598350895269e-01
-5.761127886076832134e-03
8.208624827023169868e-01
7.151927119955866496e-01
8.279298711300288049e-01
8.346722686501371058e-01
9.117658935024035571e-01
1.005406947799525774e+00
9.766147654625040309e-01
9.954774042009935098e-01
9.906917668661952003e-01
8.459600087492731291e-01
8.831907197211790184e-01
8.442451560312750347e-01
7.123327078842671689e-01
8.669794053275596823e-01
8.311022611927479931e-01
1.011100763583685724e+00
9.677646503733891015e-01
1.033074795212915342e+00
9.012663284927029395e-01
8.416527761680510089e-01
8.370250930793253774e-01
7.097284241934015414e-01
7.112727077957098354e-01
8.587993135781533116e-01
1.006090742154871265e+00
1.035264715016993131e+00
9.633946367201342564e-01
1.129090107559254319e+00
8.992147429825964045e-01
8.458855694309427298e-01
8.976263202956548115e-01
8.332350839833571055e-01
8.550693046474783232e-01
1.153776507974082488e+00
1.151037774160923899e+00
1.138167566506960160e+00
1.200257696220593973e+00
1.150066499722249169e+00
1.143153579531249742e+00
1.149968284872126878e+00
1.140992374784711272e+00
1.163025055504844030e+00
