-4.846797157402985001e-02
-7.392724584989726622e-02
-4.925646698148909014e-02
-8.822272284040913459e-02
-4.807400538930297479e-02
-1.947815111987431513e-01
-8.059873628403553536e-02
-2.044924296302254030e-01
-1.093814617960033736e-01
-6.219969559849335833e-02
-4.270752939558566941e-02
-2.347565595119148751e-01
-1.090992124134417679e-01
-6.119915192635230761e-02
-2.514744427779003200e-01
-1.812861085872148614e-01
-6.332687541094095263e-02
-2.392694302473808224e-02
-5.342246142558742389e-02
-3.592580651086210719e-02
-9.543327779700634672e-02
-2.398775672226417244e-01
-1.100509675729425124e-01
-1.157064557855061876e-01
-5.936870830924314418e-02
-6.173708994728236560e-02
-5.164197914249185617e-02
-3.227974440891500096e-01
-2.000292681876108536e-01
-1.824581088574228349e-01
-5.563831509446193896e-02
-1.069370638006070656e-01
-1.307116203494752132e-02
-5.803290706896751389e-02
-3.027564149723849588e-02
-9.841574906504743647e-02
-1.068495946442263866e-01
-2.244337506451105357e-01
-1.956898791115936898e-01
-2.607932264338814754e-01
-1.075003637094954501e-01
-1.438347408676014794e-01
-5.070697984633009553e-02
-6.911860048002621548e-02
-3.800250419202327173e-02
-7.343004267287385478e-02
-3.769042097300196459e-01
-4.107322333254177504e-01
-2.298723041381967314e-01
-1.562230428488209644e-01
-4.497474746650462207e-02
-1.030067357259278060e-01
-1.095974345499950153e-01
1.532626569439183781e-03
-1.658345346097467310e-02
-9.727848403628377993e-03
-3.727514857101225931e-02
-1.044824570324208446e-01
-1.134928335588052395e-01
-1.210419102905758437e-01
-1.947957245902318113e-01
-2.270535850654681609e-01
-4.589270230428220687e-01
-4.914304173182103275e-02
-7.792771942334894564e-02
-7.814894914592548925e-02
3.611012653846958770e-02
-3.897054734462668951e-02
1.097716503980552746e-02
-7.459733169930343744e-02
-4.014113430609132505e-01
-4.932539449941165111e-01
-3.314313285985192037e-01
-4.270448611653019366e-01
-2.472616449011689477e-01
-1.208295058944680034e-01
-1.425985161289405334e-01
-5.744407728111174116e-02
-1.048174405959544225e-01
-1.086511169784266928e-01
1.050732563317964899e-02
-1.283204200600896253e-02
7.346175397601373280e-02
-5.082583385970120687e-02
-1.178299105478018000e-01
-1.313240785638777330e-01
-4.741443765239604646e-01
-5.744339289144194394e-02
-4.368440745376830220e-02
-4.587029959612429902e-02
-4.587236202629797061e-02
-1.285815766591693332e-01
-1.113291875898947264e-01
5.451538268583614594e-02
3.744734891084932488e-02
7.103283724424833134e-02
6.807496429708757846e-02
-7.530590683597399027e-02
-4.449456808827705334e-01
-5.024465104139042015e-01
-4.861083417609007862e-01
-2.996544238462512943e-01
-4.394095140786546949e-01
-8.798428783771317097e-02
-1.259899538439619437e-01
-1.451907290318953658e-01
-5.752573678210565894e-02
5.462678227554393362e-02
9.293861334533051050e-03
-2.030703831233755460e-02
2.167553884595551650e-01
7.118219841770374867e-02
6.829596553004753379e-02
1.030525683707024798e-01
-1.363220694190520610e-01
-4.634771821604325992e-01
-6.191073441254985738e-02
-3.471500981151898896e-02
1.381168804287509488e-01
-2.843196021359321521e-02
-1.225331176071047523e-01
-1.294469802608661235e-01
-1.312739110231593009e-01
-1.300065849763737125e-01
-1.281512433415125940e-01
1.012807279956750850e-01
1.100130975491769164e-01
7.925226146224684243e-02
6.876930867417779814e-02
9.160602213234605995e-02
-4.499542714221221873e-01
-4.530408368897134164e-01
-5.534356859329012668e-01
-4.923609925292124490e-01
-4.987703120480942443e-01
-4.781384512775727069e-01
-4.525474908625809478e-01
-4.708869078187612467e-01
5.814128952993613715e-03
-1.355750892643210748e-01
3.175046280030606287e-03
-8.426962056991453565e-02
-1.789210668287355074e-02
-2.447120982224355520e-02
-3.828665186174774054e-02
2.078729435911314538e-01
7.070052776931987082e-02
6.744480754736971451e-02
1.094050815537929017e-01
1.438918829058447035e-01
-2.762473950898906502e-02
-3.473720683414368432e-02
1.348126227262096133e-01
7.299510954007236430e-02
-3.023422416570080776e-02
-1.323269832105478661e-01
2.373274384312810681e-01
9.391876781391683693e-02
1.037808554739379774e-01
1.270576978748062802e-01
1.120425491653167793e-01
-4.496401695695520506e-01
-3.655052656597461147e-01
-4.656464318570842642e-01
-4.088684290101595731e-01
-5.801791585170321675e-01
-5.386801042912152671e-01
-4.941484011673895616e-01
-4.422673820325078720e-01
-4.655324811595694112e-01
-4.667704283602237547e-01
2.138834976462234902e-02
-1.405192061450323548e-01
-1.716672364489104929e-01
1.295707910950411913e-02
-8.680272962770607670e-02
-1.102866607974921226e-01
4.367704740059582982e-04
-2.169989736518095069e-02
-3.676592824717116181e-02
2.030016382880468762e-01
1.358355396840472684e-01
6.945633527915663630e-02
2.421888222893285592e-01
1.618546368540886293e-01
1.433725518690775746e-01
1.912207745128195399e-02
3.685849284590343722e-02
-1.313805942990745957e-03
-1.333451823794132851e-01
2.580125392703678799e-01
2.614274754750768315e-01
9.672567139683709014e-02
9.330814251024585615e-02
9.903535486726512682e-02
1.615368790915791830e-01
-4.843763340990927535e-01
-3.780542691325317062e-01
-6.009570453801588164e-01
-5.034809613596564759e-01
-4.389913761575589546e-01
-4.678950028234856728e-01
-4.709018108857628837e-01
2.178941375064927591e-02
1.445158099958831210e-01
-1.406115755272004109e-01
2.130190464431680128e-02
3.903854167050661850e-02
-8.712929247171632974e-02
-8.781863480318616300e-02
-1.131455138106947367e-01
-1.754618785052442648e-03
-7.161664146008325750e-04
1.005671794787593443e-01
7.313712439948953647e-02
2.647441362155389943e-01
2.623345741764151473e-01
2.673898140283522129e-01
3.473391843948097635e-01
1.056335252268671976e-01
9.396761290480153128e-02
9.578346021720300640e-02
-3.171710832619891729e-01
-6.052966389701147643e-01
9.027026530647105917e-02
2.043609267491987014e-01
1.234007526761404933e-01
-1.332640666422223452e-01
-1.252479009845442470e-01
-2.005333911804809688e-01
7.882015466018331418e-02
-8.887123254411720408e-02
-8.038106000158731779e-02
2.195014771922318766e-02
3.384511875044814589e-03
5.244982069923271456e-02
8.020642131552470355e-02
3.346909953661680870e-01
2.656214797752233792e-01
3.884237356701852328e-01
1.311487941594108031e-01
-2.897820878180165649e-01
9.895082256201727378e-02
1.168220065236041660e-01
-1.254857326020006048e-01
-1.265311568851422430e-01
-1.213666910904632884e-01
-2.524442758875532489e-01
1.147743228509912200e-01
-9.857999755967639111e-02
-7.528745771346367910e-02
-6.930276148047055662e-02
5.010227207200922822e-02
9.965945322059278910e-03
6.612605575286575887e-02
2.492315248441295261e-01
3.807453674466741989e-01
4.507684686731946999e-01
1.556889434217628709e-01
-1.106569636372937565e-01
1.758614061030045750e-01
-5.999047974329502209e-02
-6.351154687649074315e-02
2.793380979017897614e-01
2.225853203899283428e-01
3.675565010721771331e-01
4.081811247278888666e-01
3.791863588247303962e-01
5.065579044116426122e-01
1.966479346482571666e-01
-5.192839245766786571e-02
3.030118384000127230e-01
2.575881355141440565e-01
3.601349104909457033e-01
3.829497923793434011e-01
4.417999731090359039e-01
5.073354857984456734e-01
4.820989623253166267e-01
4.993295396908087325e-01
4.930067045631565392e-01
3.149849516376138081e-01
3.197346099374759332e-01
3.587947903626932389e-01
2.557124034764998166e-01
3.951663750939560238e-01
3.813240136648656797e-01
5.105006414229520395e-01
4.763827162190516495e-01
5.358453189707484965e-01
4.044388079782648693e-01
3.154699707832804845e-01
3.530259783228966719e-01
2.531081207040577485e-01
2.552284604690342462e-01
3.902428132043253006e-01
5.087341145123087660e-01
5.363322590157213465e-01
4.738487690176227951e-01
6.310455727858351738e-01
4.023872230467860356e-01
3.201159356641514742e-01
4.030024634826395169e-01
3.502937639035642037e-01
3.885835219435085919e-01
6.527187826886823308e-01
6.498012283597939254e-01
6.399580465547670682e-01
6.991115761102421056e-01
6.509758238027546495e-01
6.420564655574462209e-01
6.517587652105001350e-01
6.427828552408866303e-01
6.648155362267297308e-01
