1.604630173063033267e-09
1.528855554626891273e-09
1.608874368140558858e-09
1.489931884010960887e-09
1.603285201133779938e-09
1.419172488454471444e-09
1.535686762955513371e-09
7.574084942979566038e-10
1.218565424825215962e-09
1.548687303338141462e-09
1.643932117877255262e-09
1.275590734770705745e-09
2.134749850755003158e-09
1.445520416996635613e-09
8.363970837190519551e-10
7.420715786953778824e-10
1.524763679023490405e-09
1.763101287523763285e-09
1.574151221556878035e-09
1.566126016653205013e-09
1.582402942532016297e-09
1.709536333626951096e-09
2.020510970726426771e-09
2.434081810814428727e-09
1.217606239114495810e-09
1.560877000717601067e-09
1.462178064125308174e-09
4.311414451825464544e-10
6.385940961213505506e-10
7.249148009971791653e-10
1.530747503176160080e-09
1.290723471159603216e-10
1.886664953741104752e-09
1.551617368647102612e-09
1.503608894966063344e-09
1.396340190252840759e-09
6.857184363635641678e-10
2.247650177933807638e-09
2.097699478272654628e-09
1.713190952822835988e-09
2.606776138700805457e-09
2.437779210345439132e-09
1.121995729161342315e-09
1.093572497370073282e-09
1.210286860729739395e-09
4.731592432148830836e-09
-1.579231685818533467e-10
1.803074639665097782e-09
7.108129831681758695e-10
2.337700735330272197e-10
1.474917860869616933e-09
3.718420655396901926e-10
1.308781325000743389e-10
1.976185967689264770e-09
1.848577876437494719e-09
1.466919166841725326e-09
1.477155218026301875e-09
1.345404333175825733e-09
7.006886669659329014e-10
-1.856379876989739242e-10
2.428346188151617752e-09
2.306849120604107330e-09
1.249539619420371975e-09
9.432436315226837712e-10
9.653571992443295657e-10
9.086555929774065714e-10
4.710784447914053064e-10
1.289311586995848364e-09
7.150373583982873423e-10
4.920614726647883456e-09
-6.941756840709124785e-10
1.966977784519559564e-09
-1.121084994887015829e-10
2.101740189578637134e-09
7.668686704726871186e-10
4.612227832766481732e-10
4.827644947711342066e-11
5.668683244199425024e-10
1.060979240966657860e-09
2.869357451003344357e-10
1.971654604442561796e-09
1.416582417194154258e-09
1.579777466921401055e-09
1.368325723286308678e-09
3.470559003880611085e-10
-1.549066697460416233e-09
1.135650568487177813e-09
1.241332287759018579e-09
6.370782171936191323e-10
7.367068952775849135e-10
8.196724692012003317e-10
-6.863072452118886331e-10
-4.423211712375375933e-10
4.230288610169020079e-10
2.145779127641943054e-10
-9.409231981803896780e-10
-8.799141792701146696e-10
4.836262053820097332e-09
-2.196031624668691020e-09
2.640359604453509033e-09
9.113963945335326329e-10
-5.488718735407036575e-11
2.270409092774206713e-09
6.434514800599918553e-10
-1.158655149666160361e-10
1.868495687330069617e-11
3.702656156440210210e-10
1.678199413275799538e-09
2.021987929567202607e-09
1.203969928505549360e-09
6.827464786437986525e-09
1.685804307839884500e-09
1.580064689952394336e-09
1.351249752036952095e-09
-2.302168606619075781e-09
1.248435288704024278e-09
1.209760298891489326e-09
6.570912164561438181e-10
-9.108357822950057739e-09
9.774256779657844020e-10
-4.137503281224332527e-10
-7.046369647818248920e-10
-7.844391377743337949e-10
-8.287072886387174994e-10
-9.824136953019591198e-10
3.054870336113904741e-10
-2.226204273980976499e-09
-1.167466424734767018e-09
-8.971516762903048360e-10
-1.536299468604731673e-09
-2.619985167522945987e-09
-2.431389975575167434e-09
4.135238516582489139e-09
2.645298407609066808e-09
9.356347700423549093e-10
-1.061600766950012668e-09
-2.663381217864067886e-09
2.618204280541091466e-09
9.592062906075152070e-10
-1.372643427807158470e-10
2.797771180330088937e-10
4.725481104769277782e-10
-8.333233466656868623e-10
1.054876607495179000e-09
-6.214349226287175246e-10
7.145812729748360201e-09
1.726155554682391713e-09
3.828383270582185283e-09
1.115350264640415821e-09
1.082747403783090480e-09
8.568372988878932803e-10
5.383508662713740514e-10
-9.526330467625581720e-09
-6.933254768448662228e-09
-1.291020903551495857e-09
-8.246648591067311329e-10
4.121385387713339858e-10
-1.526480931968574562e-09
-2.079516310910174718e-09
-2.575859412220125770e-09
-1.970614071932536499e-09
-2.886713503568389056e-09
-7.042278980074702898e-09
-2.702532445839837931e-09
-2.323028692930834238e-09
5.051352522069269635e-09
3.471939259253462795e-09
-1.296227145329783034e-09
-3.212984534113038467e-09
-2.240695844515786590e-09
2.910774378755571640e-09
5.574623242397121115e-10
-4.583705979302416220e-10
8.478859758480031416e-13
2.665011077731383277e-10
3.985382715423747713e-10
2.246243088689832146e-09
-1.041638869238433695e-09
9.455999301379280455e-10
-9.071119354152126350e-10
7.316902346285691620e-09
2.775017148337902278e-09
3.896996103270307854e-09
-1.993328916464577049e-09
1.031927823916683637e-09
1.029444854322579539e-09
-4.408707382653341131e-09
-5.351348167244625034e-09
-3.500620013011017767e-09
-8.659621251513290028e-10
3.617105316073183970e-10
4.653451505479194288e-10
-1.537744045193290223e-09
-1.686962587412826880e-09
-1.923314679648145711e-09
-2.965453955819840078e-09
-3.141221389050876239e-09
-3.864700190170376791e-09
5.626678376399641038e-09
3.563158252808255627e-09
-4.155331337847478075e-09
-2.117070556794171811e-09
-1.830910742729058706e-09
3.425454633471274755e-10
-2.692596927770970617e-10
-9.583411941324110663e-10
2.853054094698076728e-10
-8.753429390539286818e-10
3.303162594302526143e-10
4.168656021288357181e-10
2.427417345245508799e-09
-1.088484173235487719e-09
9.235886092570182301e-10
3.196952603786795838e-09
3.761859083606725134e-09
-2.263268877860537626e-09
3.625769416542105952e-10
1.610044353696327339e-10
1.077312634405006997e-10
-1.495744180083104205e-09
-1.737699688949631552e-09
-1.805172303539918182e-09
-8.094045913536058940e-09
5.735387255518745493e-09
-6.285566397750129458e-10
-6.438248408730549202e-10
-4.260531626545294019e-10
-6.902207102492916395e-10
-4.259752907113509449e-10
-4.602457420098343019e-09
-9.963536919465971821e-10
2.529403164867510800e-10
3.054005607907333418e-11
7.566093581803505924e-10
8.859689734270108851e-10
3.118950748229392705e-09
3.458447900864177028e-09
1.349703873711383607e-10
-2.602505408037984214e-11
3.492376341788395681e-11
-3.987425015321238150e-11
-9.647061992158650596e-09
-7.882493234247602903e-10
-6.883009922321416681e-10
-5.189077851527279163e-10
-4.347595619440479513e-10
1.340228869476951070e-11
-7.822999554219824500e-09
-1.110272456039354518e-09
3.225036373299363648e-10
-6.184720707026579584e-11
-2.560662279005097092e-10
5.642212611655144094e-10
8.374372339222775910e-10
3.369611323220412231e-09
-1.866253512380524902e-10
-6.469229973096028904e-11
1.932266403128416208e-11
-1.102001240117383248e-10
2.843165449529992060e-10
-2.918709670376275489e-09
-3.448270224234097541e-10
-3.499887366537946561e-10
-2.066906008919935705e-10
-2.378036478686200743e-10
-1.424523264467868948e-10
-4.213786838767265006e-11
-7.692368194854191843e-11
1.858995512824964658e-11
-2.273688544996228640e-10
-4.082381499896048814e-10
-2.220881265492072362e-10
1.309245852736437309e-10
-3.433483037615262194e-10
-8.713348706215933089e-11
-1.642326774759576165e-11
1.021888612898317240e-10
-7.012331985512468242e-11
1.271723178783079727e-11
-1.357826926242036331e-11
-2.236487489283678323e-10
-2.124131822221846236e-10
-4.440239989879883779e-10
1.853350823799201209e-10
-5.176792782020910023e-11
-8.650062790380884597e-11
1.583441895700419555e-10
-7.983232029876137037e-11
1.054569258018883817e-10
-4.416720347670048350e-10
-2.317947576683412631e-10
-5.194093162875054004e-10
3.055775737652743713e-10
1.982416172249446088e-10
-1.193405997014311828e-11
1.852521430346764545e-10
1.235615133068240613e-10
-8.675055828064866543e-11
3.263833637766814536e-11
-8.382375551229548753e-10
-2.504273764879477094e-10
-4.696818022551376757e-10
-5.527547102510920925e-10
4.285509315696805064e-12
1.991724696891311921e-11
1.763480028385189975e-11
1.327805809688593660e-11
1.985067053666764888e-12
1.932202962877479551e-11
1.263791046219105741e-11
-7.821298997469969983e-12
2.034536087812385049e-10
-3.316931633004975566e-11
