-7.428400208444051364e-09
-5.015611815869065039e-09
-5.843292034717564618e-09
-2.188935038248882138e-09
-3.788266781629003090e-09
-1.868924029279978316e-09
5.230085052628586585e-10
-2.192010099240426299e-09
-3.547387656659143659e-09
-2.263403070975303521e-09
-8.496881013412327316e-10
-1.237309467613752530e-09
3.635700919644059355e-09
5.752462298304783022e-11
-1.852330518151149787e-09
-3.027084920468294501e-09
-5.469817403755054671e-10
-1.167408959587589743e-10
2.842436547769303677e-10
-5.993040825636433044e-10
2.623081340133363618e-09
2.835150084145106813e-10
4.026475051534668201e-09
6.006226436322080075e-09
6.366123973121705122e-11
-4.229524321616450299e-10
1.122889530080247673e-10
-1.767864703696343817e-09
-2.036896213002963966e-09
-3.269348019295609341e-09
6.219187152305185099e-10
1.773849503111275551e-09
7.551179945934299093e-10
1.074341369367038021e-09
-2.924768528822479126e-10
3.500935459013949993e-09
3.834333780037321374e-09
1.656174522240741034e-09
2.264686414212968478e-09
-1.477587683165657083e-09
9.684043072358998562e-09
4.131193976251615366e-09
1.989786482923294952e-10
-7.361424445157396083e-11
2.973661121440610074e-10
-4.378162087662373848e-10
-1.395342917034794121e-09
-2.219916166112825206e-09
-2.062071252820336074e-09
-1.060749569757254781e-09
1.647679213612438601e-09
2.335001500811373981e-09
2.279847948433293769e-09
1.005226564850106552e-09
1.349726915750514267e-09
-7.086780982913233728e-11
-1.811857053946192475e-10
3.592387914734658406e-09
4.059592344104493899e-09
5.015298631998028442e-09
2.980912443170667981e-09
1.673121269785092252e-09
-7.289651303202626559e-09
2.082919115575902081e-10
-1.456037174732149713e-10
-1.351901806914123836e-10
3.865123094077381068e-10
3.395274532231641908e-10
4.117475178966993345e-10
-5.587325438201655719e-10
-6.037729176544899319e-10
-2.600510266152498743e-09
-3.100575540792849767e-09
-1.621903112152478173e-09
-1.932212554351128299e-09
-1.941856520366851665e-09
7.953882512164027374e-10
2.384415868969131052e-09
3.428682826251024095e-09
2.643973516800956204e-09
7.140257349426058555e-10
1.357001168938199594e-10
-4.937857142244857444e-11
-6.154175276081141898e-11
4.710505283382550559e-09
5.944539653344043187e-09
-7.824589547895192223e-09
5.106428604110266443e-11
1.918795799711816775e-10
2.512111011029891949e-10
3.142368459995422012e-10
-3.900529897616251013e-10
-3.323625950660014732e-10
5.525622562470048805e-10
1.433502231766091168e-10
7.438652264714909937e-10
7.466401531191118343e-10
-5.929097825939789732e-10
1.703156444413462796e-10
2.194473082920643936e-10
-5.459231703254741988e-09
-3.094718085683558370e-09
-8.178540989704607013e-10
-2.654457492779631818e-09
2.028124046300978448e-09
1.138449729861354572e-09
2.916926230278769932e-09
3.887512485284186642e-10
7.287908078490470078e-10
3.664303920924965914e-10
-2.347720581042236130e-11
6.326732587744210214e-11
6.256403412514786812e-11
-1.669760560492349785e-10
6.428306240533761353e-09
-9.765138040130718116e-09
-1.368574799019452305e-11
3.526249761461925373e-10
-8.540170594569127567e-10
4.377472067805528195e-10
-3.217105267309963867e-10
-4.108713578770279381e-10
-4.539488074710076621e-10
-4.185460203997285378e-10
-4.242919946374258874e-10
6.557091248640158844e-10
-8.771818018550422928e-10
6.888426041568942939e-10
7.963233525009701692e-10
6.610684225771965550e-10
6.693951404586014903e-10
3.156484347572714472e-10
3.208545231163800210e-09
3.132999562155855437e-10
-6.147258240287413153e-09
-4.670264070509693903e-09
1.138971603929878160e-09
3.630168053471392570e-10
-3.162822138193475244e-09
2.553814943318361562e-09
3.614269646175526780e-09
2.275356541974525392e-09
5.106326793538046338e-09
4.751845588169284991e-10
6.565491699081336276e-10
-5.225027450278968019e-11
1.146760860564327438e-10
3.369211483835492020e-10
-1.368623228949722666e-10
-2.582764321882659139e-10
4.872598630953735735e-10
3.308055769477846297e-10
-9.561627634789996737e-10
-5.164731348205735470e-10
5.467279922065085992e-10
-4.970425168651809297e-10
1.298503819424241215e-09
-1.636966849890828096e-09
-1.541852273000665279e-09
-3.939255497328604510e-10
5.005897480660115559e-10
8.727185021097454511e-10
-8.685297890518584851e-10
1.088104810392920013e-09
-4.407924906052203049e-10
5.921166914572634391e-09
2.794478387384914107e-09
-5.127673918345897294e-09
8.376372000813339309e-10
2.715695995734252749e-09
1.544701004495260057e-09
-2.759854102194529399e-09
2.279017240577407185e-09
2.657887419224721967e-09
2.589067521108534258e-09
1.192970663048724395e-09
3.208102657088028088e-09
5.223117132096493695e-09
5.642765485167286519e-10
6.453946497983475478e-10
-6.761488200695604643e-11
3.499812229820187005e-10
3.984866293205421270e-10
-3.351007020741827105e-10
-3.993634261883613344e-10
-2.962333952567299233e-10
6.458243163417760972e-11
-2.276806756547454995e-10
2.598772797822957485e-10
-5.186560614421079942e-10
1.341209461944551732e-09
1.752811185858272754e-09
-1.570062746868690319e-09
-2.114565084992320449e-09
-2.044828296475342605e-09
1.168898306562043075e-10
1.649708691949145482e-09
-2.441405277711942960e-09
7.925984307709669989e-09
2.292848461328235511e-09
1.554782110383058214e-09
3.264467716248942072e-09
3.264401367330794994e-09
-7.304585008144282958e-10
-7.174199759822056148e-09
1.777819830516811110e-09
1.064167088817582661e-09
4.050902108824494698e-09
-1.510160359384521516e-10
1.331378051920840568e-09
3.325116116116771947e-09
5.756789917638447727e-09
6.697797525278484010e-10
4.166185770829761973e-10
4.462879567360844528e-10
-3.608698653983837634e-10
1.358733371108123450e-09
9.926922344659080287e-10
6.480508852198346872e-10
-1.140269566671450010e-09
-2.352040850266313630e-09
-2.326605653704540731e-09
-4.151673316194296994e-09
8.990226672406412060e-09
1.183176858143480294e-09
-9.900644159745738089e-09
-3.665059875292021763e-09
2.992819809322084328e-09
2.754011674216448410e-09
-1.015059490552882156e-09
3.162567314438886065e-09
-5.970615152276343464e-10
-1.070334512830803543e-09
6.653026441437196527e-10
7.340241796549007894e-10
6.091416341297215939e-10
4.786145005293723812e-10
8.716627947872226855e-10
7.548827948420165934e-10
1.702341338528876455e-10
3.650340765881326332e-10
-5.294176150314551171e-09
1.644366810891516069e-09
-9.442897941529338312e-10
4.011982068363942165e-09
3.507799456988545477e-09
2.103828744771741429e-09
-3.430698618991225746e-09
1.983602792224689307e-09
3.747132353870551576e-10
-1.997878757275717037e-09
-1.941993827323788373e-09
5.358265669946468894e-10
7.320947984144490161e-10
5.572395004097670535e-10
6.690085248480580821e-10
-1.150561337095042815e-10
-4.012143948360951832e-10
5.694528290653764072e-10
1.295001141867908123e-09
3.813117305784551084e-09
-3.271099703120726127e-09
-2.696621508783602832e-09
7.868315647347735360e-10
6.938629604322033933e-10
-1.757479880875133718e-10
-4.465313323606804494e-10
-1.239510607647394239e-10
-9.375852017196272084e-10
6.590032948290601226e-10
-4.891027430720841315e-09
1.227284828553075339e-09
-7.015057203714039406e-10
3.547506907336217036e-11
-5.210705176304766991e-10
-7.375072397363037946e-10
-9.823721142442613248e-10
-7.971813868294937641e-10
-9.839561896370796422e-10
-9.362833872031096181e-10
1.430873289707112940e-09
1.629537720670245960e-09
1.852385278281078119e-10
-1.029519646362500212e-09
-7.594891405486228112e-10
-5.772861679015733546e-10
-9.306264749312056985e-10
-1.008038101896692036e-09
-4.830528939682897520e-10
-1.686662923164154311e-10
1.310367504678575032e-09
2.095587030992222328e-10
-1.527327299198605405e-09
-1.130175895053951753e-09
-9.475752374978078484e-10
-1.036598867124600094e-09
-5.502773031189308774e-10
-1.119131226262121504e-09
4.201361444257181245e-10
-2.345772180602103371e-10
1.076080115392475348e-09
-1.933320531949356406e-10
2.220482578529647308e-10
-1.046150749416327279e-09
6.979595170544439278e-10
6.072357122229057053e-10
4.070374304098589465e-10
9.148912221465950949e-10
7.648781668468598474e-10
5.250574766818788006e-10
-6.636615131566918928e-11
-1.532075700813031090e-09
-8.359949885775087693e-11
