-3.469138925847195520e-02
-1.784554267124212612e-01
-5.008266965398524423e-02
-3.120417142783403208e-01
-5.305334678722315594e-02
-4.083717357168726858e-01
-2.266982186102361185e-01
-4.395704643926809929e-01
-2.151387553147684484e-01
-9.656231658373212734e-02
-4.052181722659221191e-02
-5.246675839484319370e-01
-2.689671651567350774e-01
-8.943126129377491906e-02
-5.852101576392021443e-01
-3.603451253253434627e-01
-1.198896760071878342e-01
3.791539577878105111e-02
-9.965924398096441539e-02
-2.434042032769874030e-03
-1.192594798983850346e-01
-5.884491055358661571e-01
-2.739371856897467317e-01
-2.998284245244673407e-01
-9.217525497367791421e-02
-9.114854193728982867e-02
-3.090028279788120669e-02
-8.850084339139516754e-01
-4.814475501835289717e-01
-3.720653935093785059e-01
-1.140142668877848486e-01
-1.538349609245281135e-01
3.732220402092528699e-02
-1.236599814271091974e-01
4.905727558215006862e-02
-1.211949106197743320e-01
-1.460897268003617522e-01
-5.537696389075971171e-01
-5.029511359480202115e-01
-7.222526498071490941e-01
-2.176760483269769009e-01
-4.072613274836566211e-01
-3.266571566385854247e-02
-1.450182559337197252e-01
3.975605662941388702e-02
-5.268834279707847873e-02
-1.090011372320728533e+00
-1.019165847224307031e+00
-6.252188856430952457e-01
-3.438372191977144832e-01
-9.238155804018968742e-02
-1.491011847694860559e-01
-1.559855817039556558e-01
9.238344719095095692e-02
-2.985326878258305009e-03
1.730255485855953235e-01
-8.627132925286681506e-03
-1.326847005817707037e-01
-1.421651169903457301e-01
-1.603970450405716452e-01
-4.934705887528255674e-01
-5.662499629281090296e-01
-1.029500388342317940e+00
-3.692978868206815007e-02
-1.669050940389597837e-01
-1.649128889783659235e-01
1.408416569469110313e-01
3.306600673977874022e-02
9.763087082651597526e-02
-5.627835054890695937e-02
-1.217394036059681106e+00
-1.170125974810645841e+00
-1.021332944277757449e+00
-1.034348639451064811e+00
-7.528718436036740957e-01
-2.670976329049024045e-01
-2.727853107723566262e-01
-1.291901768263916117e-01
-1.383542680724174634e-01
-1.514161848948493982e-01
1.615162011090749694e-01
1.390934217501777759e-01
3.515285957522603089e-01
-5.041171395335914546e-02
-1.541662049208889496e-01
-1.727273576093588114e-01
-1.090943687438166609e+00
-7.112561832154211394e-02
-1.146890952040506041e-02
-2.975302615689861055e-02
-2.879942300543766528e-02
-2.029254323045170672e-01
-1.937621545155280844e-01
2.729619860137227350e-01
1.535051484265552157e-01
1.961028430368022546e-01
1.895721229600318414e-01
-5.802835145172885456e-02
-1.287550022296308105e+00
-1.186298632019479493e+00
-1.156455182952772720e+00
-1.004897444964904185e+00
-1.030650839863928470e+00
-1.804349056778947469e-01
-1.786642662185751740e-01
-2.849556107922389669e-01
-1.484116679025027086e-01
2.499591574378763337e-01
1.528360920955713631e-01
6.794780165727687393e-02
3.686808530115466831e-01
3.258500785848969517e-01
3.473808881445183960e-01
4.317847203136683243e-01
-1.791474017779229044e-01
-1.068681848550979918e+00
-1.076353174246428152e-01
-7.132405502575931040e-03
1.852060503729216490e-01
-6.023574840512146283e-03
-1.872532020854136003e-01
-2.066954412473374914e-01
-2.164858479629198085e-01
-2.065821197549214394e-01
-2.064275106461022080e-01
4.207152879707840021e-01
2.599454624482295806e-01
2.211072286871672288e-01
1.905324686743783968e-01
2.279351640896458975e-01
-1.305411969090059854e+00
-1.286277475722502395e+00
-1.247206644616714044e+00
-1.142937913701029151e+00
-1.175016248642230199e+00
-1.171360014533725957e+00
-1.312986815506214766e+00
-1.080530279439018138e+00
-5.322506967093556390e-02
-2.790506509536304081e-01
-2.155199612278894949e-02
-1.675922128676307354e-01
-7.366259351922692378e-02
3.223077980118814467e-02
1.636830339748484783e-02
3.549604225160165605e-01
3.237335462871377412e-01
2.881372017606522173e-01
4.504734067716726353e-01
5.202199441931799617e-01
1.525351703267612859e-02
-7.039967964754214290e-03
1.819017923380313317e-01
1.251795256912379972e-01
1.004588772227957630e-02
-2.257559807854907785e-01
5.991647177859833473e-01
3.478740431823604817e-01
2.634310177770872730e-01
2.894373422123305284e-01
2.593989884894903897e-01
-1.311958898716548472e+00
-1.119538030654125826e+00
-1.357275656730492441e+00
-1.160414333069472281e+00
-1.302454747066436047e+00
-1.227694490106699954e+00
-1.190191127433086304e+00
-1.267320959271333036e+00
-1.394767945520920538e+00
-1.050117218141782161e+00
-5.903120464881506102e-03
-3.021175269918068285e-01
-4.751763135201716448e-01
2.650045853900847345e-03
-1.716315917155114557e-01
-1.936092555399195336e-01
-4.458818725420714280e-02
5.557849777241152117e-02
1.011207516459127799e-02
3.481003686992873436e-01
3.925117244243720438e-01
2.827880117223304235e-01
5.832571475985300902e-01
6.830485070604722653e-01
5.185599434296195298e-01
4.791987637250223059e-02
8.412288815495416738e-02
3.092639200241213693e-02
-2.304459980062955882e-01
6.783808672649297433e-01
6.991718509404050153e-01
3.568221580274929527e-01
3.235460951151149511e-01
2.719666697121796983e-01
3.239818169994194141e-01
-1.374215015655100069e+00
-9.857229789119306140e-01
-1.338702684775549878e+00
-1.145253030430712693e+00
-1.234555096262011764e+00
-1.409178444167115130e+00
-1.411808770153694992e+00
1.829560758578289981e-02
1.266036610510333504e-01
-3.053223630583610793e-01
4.446040916517787073e-02
5.817055665136555004e-03
-1.637908791202876135e-01
-1.781816386154943810e-01
-1.976692672013488916e-01
-5.213825903215063562e-02
1.396270679522934322e-01
3.362455096791135412e-01
2.818988470802495372e-01
6.185344641963257395e-01
6.922301136520865317e-01
7.014622439189321934e-01
7.832606059698530299e-01
3.761716466959866834e-01
3.026790324095616769e-01
2.853626186732838854e-01
-8.024952688507090981e-01
-1.356543631463407618e+00
6.529274175849446304e-02
1.864487747148330099e-01
1.094885982326053997e-01
-2.638143666438672041e-01
-2.312212781925712113e-01
-4.031826816828297244e-01
5.213219918180769102e-02
-1.653468745668210116e-01
-1.496337791347853718e-01
2.093395810507386601e-01
1.518852677807515927e-01
2.231968077358365832e-01
2.875297123143451539e-01
7.630904346651637971e-01
6.969974008749367789e-01
8.329555706549304217e-01
4.250885100531917593e-01
-6.087614483422789657e-01
8.239812630302111029e-02
1.041464983235357578e-01
-2.032312351547410356e-01
-2.268173430056667772e-01
-2.321219099634437288e-01
-5.151003719767458522e-01
1.042844239371353843e-01
-1.954007671617437047e-01
-1.308366512715529451e-01
-1.297658450001685781e-01
3.223338281138291017e-01
1.759454819237799561e-01
2.517463811473550916e-01
6.673150952667888935e-01
8.248761528361462370e-01
9.235865865835202193e-01
5.451688306414506080e-01
-2.180820802940162950e-01
1.653715124365776057e-01
-8.646872260139129573e-02
-1.128584124666174165e-01
7.369426802275739208e-01
6.243510940945152798e-01
8.100682733458470786e-01
8.667995888680990468e-01
8.207561411819800368e-01
1.004903166363689815e+00
5.842495623825595397e-01
-5.761132951280713461e-03
8.208624863917896031e-01
7.151927174476607751e-01
8.279298752107977499e-01
8.346722726389995684e-01
9.117658972643859494e-01
1.005406951720695385e+00
9.766147690080257959e-01
9.954774077689251266e-01
9.906917704771389666e-01
8.459600123396007199e-01
8.831907234535553153e-01
8.442451601544014306e-01
7.123327135538715105e-01
8.669794094423207698e-01
8.311022650594198646e-01
1.011100767820506396e+00
9.677646534794215327e-01
1.033074798659982863e+00
9.012663325919098023e-01
8.416527796595940636e-01
8.370250974246570275e-01
7.097284306186473213e-01
7.112727133568709226e-01
8.587993182264547221e-01
1.006090746862349894e+00
1.035264718603975398e+00
9.633946395709663824e-01
1.129090109943013065e+00
8.992147476506234804e-01
8.458855729419918479e-01
8.976263245529354506e-01
8.332350883511129291e-01
8.550693095829605683e-01
1.153776510232229047e+00
1.151037776535748236e+00
1.138167568567695298e+00
1.200257698747888568e+00
1.150066501720139023e+00
1.143153581641473071e+00
1.149968286965010078e+00
1.140992376471710035e+00
1.163025057946955432e+00
