-4.032815425497197511e-09
-2.752435178630205132e-09
-1.792245988839687505e-09
-1.443685056358651602e-09
4.368059940080061417e-10
-1.007080442397297934e-09
-5.367744132633621380e-10
-1.413959903590771926e-09
-4.797985911935783653e-10
1.321351608871649677e-09
2.971097879148893058e-09
-4.130556229730955691e-10
-8.465738013413181604e-11
-6.259832002325836253e-11
-1.133147981455791823e-09
-1.344538906255005843e-09
2.139655158762127915e-09
5.428919275013540617e-09
3.107103906648714143e-09
2.259736596132615942e-09
4.830176080683225826e-09
9.599746178835949676e-10
-9.555743387018386054e-11
3.884567671438388730e-10
-2.117523779513506212e-11
2.924074878737383489e-10
-9.909767415775372502e-12
-6.713403647093851386e-10
-1.927988086351169884e-09
-1.487709191591110378e-09
2.459066520625653024e-09
3.698509606326493795e-09
4.076995826483922104e-09
3.737589638506694318e-09
1.415237956847907276e-09
4.730736573115950867e-09
5.454708507169189685e-09
9.965564304837283350e-10
9.408407905162666159e-10
2.287881276537820324e-09
3.649214833722809338e-10
8.888673940148414658e-10
9.345462606395035998e-11
-9.201368081393257083e-11
4.610664289207402038e-11
-2.202002462861896926e-11
1.160469079569794749e-11
-1.352922741721421711e-09
-1.880964483886697312e-09
-3.157611005622212750e-09
1.659749583441153624e-09
3.870642100165578017e-09
3.974292024698263288e-09
3.417084214796817363e-09
3.216601970044495001e-09
7.155343778343186092e-10
1.182480474724956637e-09
4.678662725532455015e-09
5.080322486574388881e-09
6.037905158206967979e-09
9.588582509308006967e-10
1.034341398815448617e-09
7.092975187404638857e-09
2.523429179617112786e-10
-1.199274997898298959e-10
-1.267578618132253097e-10
5.673397134179936453e-11
4.670458355432540066e-11
4.274045435211544797e-11
-2.647334334911178844e-11
-3.042134505624403104e-10
4.028042834370960157e-09
-3.322005024055600300e-09
-7.563164175443411673e-10
-1.662384274317258688e-09
-3.435137014522581366e-09
-3.713959840998710135e-09
-1.467417680421999311e-09
4.450064481991142370e-09
4.107609262876155438e-09
2.534111910427187996e-09
3.647027519944265898e-10
3.242655723654247795e-10
8.801432778594750060e-10
5.676677665219347335e-09
6.630457730492041247e-09
7.902537457338002246e-09
5.272208807053788428e-10
2.039081192884118524e-10
2.226526713214993311e-10
2.047741807668229139e-10
-1.864004388228898763e-10
-2.176435637389247897e-10
1.013966893665286683e-10
5.423521026719542818e-11
-1.191335635251416009e-11
-2.366189969856933318e-11
-2.480785375081067547e-11
-4.643091811255232971e-10
2.549345169471548512e-09
6.358098581755485790e-09
-4.687982566312038658e-09
-2.816865538847117020e-10
-3.546557771446219831e-09
-2.670412067631554434e-09
-4.537775272974073134e-09
-4.495316956308416843e-09
1.616468569777189329e-09
2.545299709083749034e-09
2.078731977434237473e-10
-4.766997197340319768e-10
-5.735567536176356664e-10
6.918461931636798761e-10
5.459181572435671468e-11
6.934021891211869177e-09
9.807693316242734287e-09
4.209731680415601531e-10
8.946423424465936693e-11
3.687208278875913058e-10
1.332142023321283773e-10
-6.739126036475536243e-11
-2.037862835769233556e-10
-2.568954596320172298e-10
-2.185964981066720302e-10
-2.392861124407480284e-10
1.442930349064014643e-10
3.928712134866285112e-11
-1.895192980558458943e-11
-1.979068073366614010e-11
-2.610134106597857936e-11
-6.663165927549255878e-10
-1.951962220174784415e-10
1.793423479121302154e-09
1.552425928806392696e-09
6.735846226751524440e-09
6.410536613556341104e-09
-1.765479788006602136e-09
4.931184200231982203e-10
-3.771416836655324327e-09
-2.795314283002956767e-09
-9.284952035007510741e-09
-4.128109651631090999e-09
-4.860877667693292744e-09
6.063367823396430612e-11
1.387633788617804330e-10
-5.182836406803988348e-10
-1.151730282465989104e-09
-1.777034528415862408e-09
1.398944727101922688e-10
-2.000376293069146997e-10
-3.772074019696413163e-11
1.038933463449520306e-10
3.737302649220275799e-10
2.864040965030647791e-10
1.305838861767676283e-10
-3.066392299871390170e-10
2.045276077200902289e-10
6.834096058966243831e-11
6.246182671913534475e-11
8.129035147498499897e-12
-2.446684097550430889e-11
-9.212792060660540594e-10
4.665051972571875360e-09
-3.699626892839464723e-10
5.395500410760948051e-10
1.873501892070328575e-09
1.007657370356820158e-09
6.826831478677259686e-09
-8.529342744967139384e-10
-2.788206744596412073e-09
1.907734935519089903e-10
-3.352608589737330649e-09
-9.835682626044745765e-10
-2.584479291850790661e-09
-8.877360589239920260e-09
-2.854248339263725493e-09
-6.771785326620259050e-09
-4.781898383551291945e-09
-1.600701625972292096e-10
1.292249484479503362e-10
-5.395299301863177755e-10
-3.289255433199245493e-09
-2.062715945324630875e-09
-5.485170675427971875e-10
-7.036102238225116886e-10
-2.491728992300937069e-10
1.757097875305678812e-10
2.274167510837287662e-10
1.526599226193680398e-10
-3.323018573607010611e-10
1.893989024153442776e-10
2.757589872252955673e-10
2.895562646395388086e-11
8.250076937433400501e-11
7.928120482970132285e-11
-2.566455301074887263e-11
-2.733293839259848427e-10
2.282971821644569338e-09
1.926059093012778056e-09
5.577704808851231629e-10
-8.569842430222132860e-10
-3.135434256548475313e-09
-3.135477660928283519e-09
-5.924643518463089623e-09
6.446417631913724271e-09
9.379547096604437488e-10
-9.615760530632784046e-09
-4.341349843551949757e-09
-1.273417753822242419e-09
-3.011363690986980666e-09
-7.127183872674442284e-09
-4.921267735580982966e-09
-4.971067453118068995e-10
-2.934143112511225174e-09
-2.310338556330808681e-09
-6.619878699540476659e-10
1.784116013695608210e-10
1.169953568089094507e-10
1.083658364284997036e-10
-4.437213037606892787e-11
8.956394609776193243e-11
8.857911028538645817e-11
4.266376130521147187e-09
1.952391767465109916e-09
-2.616776807441593015e-09
9.696186302304786010e-09
3.986782551642097182e-09
6.961792666326110303e-10
6.233350845354579167e-10
3.182574349546001345e-09
-2.705901378854195494e-09
-1.219102601335196336e-10
-7.716291297790015392e-10
-4.459499297790677037e-10
-4.978781283505710303e-10
-1.909339084714846754e-09
-2.511441153192896608e-09
1.248725753921725300e-10
5.503040322399229903e-11
6.882855804750344874e-11
-2.097851954197349968e-10
6.361720461290329182e-09
-1.803773095723957262e-09
1.689055228415899916e-09
1.184751326297200846e-11
5.847232813118319935e-10
8.569190640529913630e-10
4.834074662343872631e-09
-9.863212201795157892e-10
3.788514279066582637e-10
5.157905274467583720e-10
-1.921213198791453363e-10
-3.431010293403318591e-10
-4.808315700126221011e-10
-2.235304992349750483e-09
-9.064078711461595052e-12
5.801726798276612177e-11
2.048084226644169121e-11
-1.117253926986774331e-10
7.430681815922347480e-10
-4.021310900378828372e-10
1.177665033119845596e-09
4.569739637522717242e-10
1.602303732690286561e-11
-4.559540973051132522e-11
6.028581874044029080e-11
4.467946366629284730e-11
6.212374854871946796e-11
-2.663774473874297322e-11
-8.019572140217731739e-11
2.622873303267271063e-09
3.877329240223537124e-11
2.323608137926913010e-11
6.656718116901730128e-11
6.981034065614870850e-11
2.800565852889371282e-11
-3.361761943132427477e-11
-1.534255224213621402e-11
-2.635270017447812687e-11
-2.354493819799145463e-11
4.415086353316747551e-11
4.794133666668303000e-11
6.299263026569591862e-11
2.461424739307696898e-11
6.291656288519874426e-11
7.850067070359080697e-11
-3.777350622828992965e-11
-1.922475777270436387e-11
-3.013081369250217466e-11
2.781275276333143707e-11
4.425193793277006512e-11
7.916698080574352701e-11
2.601293362059975334e-11
2.509167274083222341e-11
8.395215574211930528e-11
-4.128183366472352621e-11
-3.401115244309481129e-11
-2.133162930354007054e-11
-3.026106232848695971e-11
3.474723641603164927e-11
4.239081922433520414e-11
3.039229059128197061e-11
8.769934332058536907e-11
9.515378429329039488e-11
-2.715793292576950218e-11
-2.855728280256489449e-11
-3.375741177078533167e-11
-2.149007021753589299e-11
-2.781296079521432912e-11
-3.182080175973180462e-11
-4.410192867449084218e-11
-5.290978392508056468e-11
-4.646904557274260276e-11
