-3.469138860667755203e-02
-1.784554264846426319e-01
-5.008266942087314516e-02
-3.120417144749195737e-01
-5.305334696746342310e-02
-4.083717360795648954e-01
-2.266982185293081042e-01
-4.395704651520318529e-01
-2.151387565049281414e-01
-9.656231659792280375e-02
-4.052181706800583177e-02
-5.246675844070399775e-01
-2.689671645578903258e-01
-8.943126146497536177e-02
-5.852101588017366574e-01
-3.603451274248192227e-01
-1.198896758401083312e-01
3.791539613762165417e-02
-9.965924370848783242e-02
-2.434041976177687364e-03
-1.192594792460988512e-01
-5.884491052946512202e-01
-2.739371850203495828e-01
-2.998284235412032595e-01
-9.217525513595939413e-02
-9.114854233953435803e-02
-3.090028292628752005e-02
-8.850084345599286140e-01
-4.814475528649421188e-01
-3.720653957772440124e-01
-1.140142666400298377e-01
-1.538349603825930612e-01
3.732220438754610403e-02
-1.236599810258385557e-01
4.905727554165947857e-02
-1.211949098810134601e-01
-1.460897259778607959e-01
-5.537696384184286336e-01
-5.029511354081515062e-01
-7.222526494200355307e-01
-2.176760468742143517e-01
-4.072613266868165827e-01
-3.266571581376193079e-02
-1.450182560829187117e-01
3.975605650391286078e-02
-5.268834272015629483e-02
-1.090011373377682835e+00
-1.019165844235058405e+00
-6.252188879656294107e-01
-3.438372241621721059e-01
-9.238155783712209690e-02
-1.491011841840506336e-01
-1.559855810946098043e-01
9.238344756055127949e-02
-2.985326524516075924e-03
1.730255484940338984e-01
-8.627133004621569123e-03
-1.326846998325266480e-01
-1.421651161638381178e-01
-1.603970440502147099e-01
-4.934705880825803748e-01
-5.662499624047632185e-01
-1.029500387371623527e+00
-3.692978882855674910e-02
-1.669050941611575356e-01
-1.649128891273332620e-01
1.408416568611703112e-01
3.306600659924119334e-02
9.763087071716940180e-02
-5.627835042287666900e-02
-1.217394037879884650e+00
-1.170125974240415756e+00
-1.021332937536576946e+00
-1.034348637518316405e+00
-7.528718454042503394e-01
-2.670976346605739571e-01
-2.727853208980254296e-01
-1.291901769693405699e-01
-1.383542673591382222e-01
-1.514161842543692849e-01
1.615162013493354198e-01
1.390934216448284078e-01
3.515285956298721537e-01
-5.041171406129043436e-02
-1.541662039843336163e-01
-1.727273564818291307e-01
-1.090943686294416848e+00
-7.112561844612179385e-02
-1.146890964954569263e-02
-2.975302630809586318e-02
-2.879942316840141542e-02
-2.029254322835369884e-01
-1.937621546107966830e-01
2.729619859659645487e-01
1.535051483764807712e-01
1.961028429476699697e-01
1.895721228673369896e-01
-5.802835131536710628e-02
-1.287550024768341128e+00
-1.186298631583989405e+00
-1.156455181831069767e+00
-1.004897436785918696e+00
-1.030650839104729766e+00
-1.804349040963575679e-01
-1.786642802506897831e-01
-2.849556215728967223e-01
-1.484116684012061760e-01
2.499591575166653645e-01
1.528360923523745252e-01
6.794780150614690428e-02
3.686808530639461012e-01
3.258500785331588934e-01
3.473808880539389077e-01
4.317847201024106463e-01
-1.791474005797029367e-01
-1.068681847189863365e+00
-1.076353175314713057e-01
-7.132405651000953313e-03
1.852060505212157482e-01
-6.023575015636999271e-03
-1.872532020874554948e-01
-2.066954412178153844e-01
-2.164858478850340273e-01
-2.065821197462303360e-01
-2.064275106647716906e-01
4.207152879658348499e-01
2.599454625577109490e-01
2.211072286144941945e-01
1.905324685780371841e-01
2.279351640217654462e-01
-1.305411971369184299e+00
-1.286277478903559368e+00
-1.247206644246214191e+00
-1.142937913376368853e+00
-1.175016247522891799e+00
-1.171360012883642332e+00
-1.312986817737291645e+00
-1.080530279258355764e+00
-5.322506385494614467e-02
-2.790506561239362027e-01
-2.155199338875109227e-02
-1.675922125523476580e-01
-7.366259304592820412e-02
3.223077963892832104e-02
1.636830316696604934e-02
3.549604225890306552e-01
3.237335462770835615e-01
2.881372018151038827e-01
4.504734065441218238e-01
5.202199438983873270e-01
1.525351687838795434e-02
-7.039968112039975134e-03
1.819017925079522979e-01
1.251795257498100888e-01
1.004588751661692793e-02
-2.257559806652291168e-01
5.991647177616806763e-01
3.478740434102920442e-01
2.634310179623854387e-01
2.894373422784350391e-01
2.593989884489985021e-01
-1.311958902010707639e+00
-1.119538027944998015e+00
-1.357275659603204065e+00
-1.160414337115167616e+00
-1.302454746164183552e+00
-1.227694490395681903e+00
-1.190191125749322509e+00
-1.267320963404915179e+00
-1.394767948286449011e+00
-1.050117218708501943e+00
-5.903112819335729761e-03
-3.021175283070522410e-01
-4.751763180572066703e-01
2.650050381932161827e-03
-1.716315915762002542e-01
-1.936092517340620711e-01
-4.458818654264646436e-02
5.557849762732797877e-02
1.011207493541963105e-02
3.481003687831067950e-01
3.925117245595503568e-01
2.827880117979164609e-01
5.832571471292433696e-01
6.830485066287244056e-01
5.185599431272225335e-01
4.791987628457168580e-02
8.412288813968704648e-02
3.092639186582812894e-02
-2.304459978634470219e-01
6.783808672380803317e-01
6.991718508998550075e-01
3.568221582498601330e-01
3.235460953873705026e-01
2.719666699565057577e-01
3.239818170174531553e-01
-1.374215018081891504e+00
-9.857229823897070142e-01
-1.338702683477877020e+00
-1.145253030859404886e+00
-1.234555103009842725e+00
-1.409178447115287725e+00
-1.411808773101874026e+00
1.829561445154326976e-02
1.266036769950237562e-01
-3.053223604334895369e-01
4.446041617194453760e-02
5.817056477189341997e-03
-1.637908792495700039e-01
-1.781816384270239750e-01
-1.976692629125741674e-01
-5.213825825482101134e-02
1.396270678477860572e-01
3.362455097990345587e-01
2.818988471692459585e-01
6.185344636867082802e-01
6.922301136257223986e-01
7.014622439018068922e-01
7.832606059485013317e-01
3.761716468719040751e-01
3.026790326998618497e-01
2.853626189538707170e-01
-8.024952716099646999e-01
-1.356543629955137886e+00
6.529274354184386175e-02
1.864487974869124542e-01
1.094886070680151924e-01
-2.638143613626987016e-01
-2.312212730691738660e-01
-4.031826803945203208e-01
5.213219903932001659e-02
-1.653468743962005494e-01
-1.496337798350364789e-01
2.093395809653624262e-01
1.518852676721907102e-01
2.231968077677220774e-01
2.875297124085599565e-01
7.630904346423070805e-01
6.969974008678554434e-01
8.329555706372139268e-01
4.250885100589586463e-01
-6.087614502867133570e-01
8.239812665650217416e-02
1.041465023098948062e-01
-2.032312274656078444e-01
-2.268173364439456940e-01
-2.321219058430843696e-01
-5.151003722930902473e-01
1.042844228529076211e-01
-1.954007655796776988e-01
-1.308366522147040856e-01
-1.297658462323643125e-01
3.223338280727021110e-01
1.759454818218214589e-01
2.517463812129857037e-01
6.673150952724927754e-01
8.248761528175964086e-01
9.235865865706016642e-01
5.451688306483805091e-01
-2.180820773733366524e-01
1.653715026626048357e-01
-8.646872459065575722e-02
-1.128584141320775752e-01
7.369426802478404870e-01
6.243510941018908245e-01
8.100682733311400652e-01
8.667995888479214095e-01
8.207561411617246838e-01
1.004903166356394539e+00
5.842495623903509738e-01
-5.761136180880812099e-03
8.208624864321638626e-01
7.151927174385984687e-01
8.279298752114729876e-01
8.346722726134467862e-01
9.117658972445680243e-01
1.005406951715006381e+00
9.766147690072840559e-01
9.954774077623551598e-01
9.906917704720606954e-01
8.459600123897020874e-01
8.831907235077633977e-01
8.442451601664935357e-01
7.123327135381379849e-01
8.669794094125935491e-01
8.311022650303022674e-01
1.011100767816988322e+00
9.677646534783067578e-01
1.033074798661403726e+00
9.012663326061374214e-01
8.416527797104575992e-01
8.370250974370775365e-01
7.097284305921399694e-01
7.112727133391649748e-01
8.587993181862113579e-01
1.006090746858586460e+00
1.035264718604513412e+00
9.633946395696779685e-01
1.129090109950285692e+00
8.992147476672698314e-01
8.458855729887404529e-01
8.976263245681644909e-01
8.332350883636245875e-01
8.550693095370988095e-01
1.153776510242035425e+00
1.151037776544197033e+00
1.138167568573251742e+00
1.200257698757966285e+00
1.150066501731151547e+00
1.143153581648867601e+00
1.149968286959321517e+00
1.140992376431302580e+00
1.163025057940874296e+00
