2.586459431590427530e-09
2.474743211536353268e-09
2.447167669212231752e-09
2.397336705607883058e-09
2.257009907013014885e-09
2.205891670499225332e-09
2.347684426671727538e-09
2.167703970267125545e-09
2.204353361148187714e-09
1.966868071458505264e-09
1.577187796384760740e-09
2.057034485331087210e-09
2.948998739926700034e-09
2.104487648287760238e-09
1.929409217481491563e-09
2.089175193138172174e-09
1.895146395675568937e-09
1.433739561929052767e-09
1.593931530813205693e-09
8.849383252374558744e-10
1.869164806719312674e-09
2.063955548550492745e-09
2.973757751365768231e-09
3.085722246524286601e-09
1.817839967611893250e-09
2.512983527996548238e-09
1.696636590001345569e-09
1.582995264606808705e-09
2.022706618719864151e-09
2.099695848813978944e-09
1.585657013387479971e-09
2.047609495722954251e-09
9.581349192306927439e-10
1.614773323340689157e-09
5.657240561282673832e-10
1.804410444263775748e-09
1.955578596089635953e-09
2.502631917452897009e-09
2.542706936434197071e-09
1.682525900053856609e-09
3.195573731967895174e-09
3.004886183376432450e-09
1.511080711425079349e-09
1.964524543459460933e-09
1.436270713033913098e-09
-1.775047749972241362e-09
1.288686458441111312e-09
3.224222663470438450e-10
1.937793843367946854e-09
2.047170269305230983e-09
1.249579650024358435e-09
1.957915813018168586e-09
2.038055767571508840e-09
7.101364252018533571e-10
9.536516692009405348e-10
8.383022470788171302e-11
6.649884604518533667e-10
1.864961073599065481e-09
1.957662044077729134e-09
2.047556269001473100e-09
2.778313321537886748e-09
2.527295745191367116e-09
-6.048357198793024708e-09
1.236237907770062577e-09
2.119595034414635621e-09
2.109086247491805418e-09
6.625244809772141197e-10
1.444931335959574535e-09
8.377965925068924943e-10
-2.045875803545771193e-09
1.246357047045595729e-09
-4.357875894939518481e-09
-3.332355434477243247e-10
1.034187530158914715e-10
1.861306481766472830e-09
2.112340506207277800e-09
2.039908554672647527e-09
1.014398602321014309e-09
1.879767018957205222e-09
2.004835784360538119e-09
4.290564779637241609e-10
8.007115592037438860e-11
-1.249099287237274553e-09
9.071737553984720905e-10
2.004764748971374311e-09
2.140552998655250556e-09
-6.705764866893456822e-09
1.093627357019756454e-09
1.005946417742811053e-09
1.035613805766728803e-09
9.569017109352379471e-10
3.521006968425168851e-09
3.069965885439737971e-09
6.057173008015191131e-10
4.980053174304567506e-10
-7.928260276908284750e-10
-7.584906089886918388e-10
-2.082951621002993207e-09
1.115602860620112568e-09
-3.368329630751235398e-09
-6.542624032899708787e-09
-1.298493184111183629e-09
-4.214082952468922163e-10
2.124403063135032521e-09
2.018004164990266674e-09
2.054456095719373370e-09
9.631898524201220372e-10
-7.049385321828746440e-10
4.282387123341888181e-10
8.175992293651650984e-11
-1.430517367380623514e-10
-1.709500016313394797e-09
-1.025356527807723961e-09
-1.388728869961476495e-09
2.184847956309932366e-09
-7.365968529791910120e-09
1.178285841900660404e-09
2.785783669972403478e-10
-6.989063504162204237e-10
1.684042369353822706e-10
3.279090918313761363e-09
3.551424591694256663e-09
3.601660425185353681e-09
3.591878879748038079e-09
3.579931344440852125e-09
4.684772520097409411e-10
-1.361765371821815664e-09
-9.411020434723102127e-10
-7.823573711799991424e-10
-1.138231321442993205e-09
1.034291842440345844e-09
1.129008494876448611e-09
-2.577918163186026129e-09
-2.536648003726489715e-09
-6.957278440096566996e-09
-7.972684731544048000e-09
1.119344949527055669e-09
-1.474128229619211262e-09
2.072231543589817265e-09
1.515289372174839326e-09
1.417922723542330579e-09
-1.073375799792802811e-09
5.369152154018928636e-10
8.521779553024371489e-11
-9.294028183095281307e-12
-1.485290948839473913e-10
-2.040297125975382003e-09
-7.058444430614287447e-09
-1.356639859401173119e-09
-1.546767631765104801e-09
7.477282233239921195e-11
2.641165663237315662e-10
-7.380801760666038563e-10
-4.979735491444674435e-10
-4.438244434164033516e-11
3.632563517972434819e-09
3.655674742031336251e-10
-8.819773204343121548e-10
-1.340119414972402463e-09
-1.553548360205022930e-09
-1.361624053348639444e-09
1.117087372390996358e-09
-8.707023461236465954e-09
1.078415655979044009e-09
1.340417972089313536e-09
-2.724668669442485159e-09
-2.002744441995641452e-09
-8.729611390555671601e-09
1.206931791171847749e-09
1.214635442062330642e-09
-1.303249830891137897e-09
1.656578374578062387e-09
1.431790746496871811e-09
1.337506627447103854e-09
1.392748097027376736e-09
-1.324613249642330661e-09
-3.425598951869421893e-09
4.316780156320671112e-10
-3.325982470145167191e-11
-2.458561259133768685e-11
-1.515706030201317332e-10
-9.806609783591768522e-09
-7.714781978706862178e-09
-2.619217336448161018e-09
-1.608206579271508070e-09
-1.567626413695067523e-09
-2.702986389598401576e-10
-3.565430156809089525e-10
-2.028274157012011083e-10
3.662194043715875173e-09
3.142189641121624063e-10
3.687343075635622494e-10
-8.573000190995608737e-10
-1.086855944905143206e-09
-1.298858147071296968e-09
-1.851438971405486909e-09
9.074993031747444235e-10
1.478462033144159444e-09
-2.841422448708466094e-09
-1.579244805318595043e-09
1.258666806443548138e-09
1.247401852318349261e-09
1.278432595488578550e-09
1.434931862366949344e-09
1.520372902037440444e-09
1.310811256236476044e-09
1.410192546770975010e-09
3.752689452067090151e-10
-1.432306033338239652e-09
-1.357769080632351653e-09
-3.646775932582912780e-09
4.248101617794223451e-10
-4.378792054069224721e-10
-9.057389126707573772e-09
-8.128454346442575906e-09
-2.761479436737935343e-09
3.109344457033542918e-10
1.820088597258525068e-10
2.086358804308337030e-10
-7.469546221205040680e-10
-1.165284468947635999e-09
-1.237960369089406006e-09
1.693031501390699428e-09
-2.866368336291250882e-09
1.860813343693092858e-10
2.048344768176510461e-09
7.383384967364128602e-10
1.280404174900295300e-09
1.078751620723863481e-09
1.821932932097692146e-09
1.005755797990019849e-10
-1.455219761616685249e-09
-1.931602472049661607e-09
-4.322495999059848313e-10
-4.394111303934154268e-10
-6.868105739226646327e-09
-8.432591374759239320e-09
2.260042514548450085e-10
3.231014113949270126e-11
1.536454091887475585e-10
-3.628038807634787041e-10
1.766730796589196643e-09
6.429950560696168049e-11
3.256944155874124483e-10
1.257363229044729233e-09
1.143947975294778571e-09
3.232664500202945319e-10
1.823166523212067873e-09
-1.185841997142857034e-10
-1.096666627311316813e-09
-1.948359634379675140e-09
-2.266505521502142376e-09
-4.203596319454853117e-10
-4.381219892798383155e-10
-7.832773126767053618e-09
-1.680420250232664659e-10
7.538659024182709883e-11
1.293722335600989641e-10
-3.244471456275896868e-10
-4.800159878921187922e-10
-1.479259096609822221e-09
-2.305343971873606198e-09
-2.330875943208580892e-09
-2.102026374510016939e-10
-2.152275616850772877e-10
1.123251097923185069e-12
7.508621958109849456e-11
7.542507077172278178e-11
1.014023946412019304e-10
-2.597564073991637498e-10
-2.372038443619492230e-09
-2.228875104164393127e-10
-4.343543742845836924e-10
-5.121553281954971420e-11
2.261246937240892592e-11
7.420542900404661867e-11
9.017973607446574085e-11
6.007770046295138316e-11
9.339104964698049691e-11
8.218675112362178825e-11
-2.316449300508765483e-10
-2.380623575367923833e-10
-8.452022295482451516e-11
-4.633531996602309044e-10
3.637820390559235007e-11
2.258209590999947879e-11
7.828608451454206150e-11
6.134255617285544834e-11
3.230355545689417875e-11
-4.523768999607338138e-11
-2.272987045343963200e-10
-9.087709440231043518e-11
-5.126497090290744567e-10
-4.705064064431658571e-10
3.786158003365560736e-11
7.880973597212463364e-11
3.561995992572498905e-11
6.195721745088194878e-11
-4.291783651415916116e-11
-5.313967048217764142e-11
-2.129274068857691145e-10
-4.624967606260287921e-11
-9.382567771125449987e-11
3.850325045940445893e-11
-5.852608528169941977e-11
-5.573739235285407200e-11
-5.120181089551079067e-11
-7.976840934758401284e-11
-5.924971889065080876e-11
-5.286447594114025528e-11
-5.430957112873240839e-11
-5.824064157519902440e-11
-5.467050032895004019e-11
