-4.846797086329474036e-02
-7.392724516849398519e-02
-4.925646631649488461e-02
-8.822272218189991522e-02
-4.807400479066444021e-02
-1.947815107043402993e-01
-8.059873562679638337e-02
-2.044924290915760556e-01
-1.093814612958388249e-01
-6.219969506694954242e-02
-4.270752892695412611e-02
-2.347565590842827510e-01
-1.090992116057088873e-01
-6.119915131767115352e-02
-2.514744423218004954e-01
-1.812861082356237719e-01
-6.332687489777745482e-02
-2.392694258351502415e-02
-5.342246098254879033e-02
-3.592580611893642778e-02
-9.543327708406793008e-02
-2.398775668929331029e-01
-1.100509667476620851e-01
-1.157064549602280640e-01
-5.936870783854571176e-02
-6.173708925595895736e-02
-5.164197851193061406e-02
-3.227974435462643843e-01
-2.000292678898687448e-01
-1.824581085029831629e-01
-5.563831468332385705e-02
-1.069370630711817816e-01
-1.307116166375225583e-02
-5.803290661039754716e-02
-3.027564114359622069e-02
-9.841574835617382389e-02
-1.068495938669202366e-01
-2.244337501411980962e-01
-1.956898785715821543e-01
-2.607932263550716279e-01
-1.075003628465103916e-01
-1.438347401227324796e-01
-5.070697947084655544e-02
-6.911860001749126070e-02
-3.800250374888951982e-02
-7.343003874308151602e-02
-3.769042092877409322e-01
-4.107322283975661237e-01
-2.298723037433109684e-01
-1.562230428756039291e-01
-4.497474726649754867e-02
-1.030067350371798168e-01
-1.095974338105157320e-01
1.532626943159189244e-03
-1.658345311279087186e-02
-9.727848070687045504e-03
-3.727514822748475426e-02
-1.044824563155826586e-01
-1.134928327644567497e-01
-1.210419094247212474e-01
-1.947957239605350999e-01
-2.270535845546989284e-01
-4.589270279636080141e-01
-4.914304150153400719e-02
-7.792771898479884662e-02
-7.814894868405641848e-02
3.611012679791715529e-02
-3.897054689960786217e-02
1.097716531449472940e-02
-7.459732754071618510e-02
-4.014113425705380656e-01
-4.932539482830476940e-01
-3.314313147227870848e-01
-4.270448575215305409e-01
-2.472616444442393702e-01
-1.208295061781839430e-01
-1.425985162504458115e-01
-5.744407792725417933e-02
-1.048174398893948756e-01
-1.086511162482279857e-01
1.050732602512985565e-02
-1.283204171782234039e-02
7.346175446769162565e-02
-5.082583354554821159e-02
-1.178299097161520231e-01
-1.313240776139438515e-01
-4.741443819422473394e-01
-5.744339260377917533e-02
-4.368440740767671332e-02
-4.587029949350800162e-02
-4.587236188572067774e-02
-1.285815765575480385e-01
-1.113291872319943920e-01
5.451538296251608184e-02
3.744734910393474059e-02
7.103283673739699267e-02
6.807496380461650065e-02
-7.530590260258593349e-02
-4.449456802556961965e-01
-5.024465126209651800e-01
-4.861083471913003606e-01
-2.996544077879931822e-01
-4.394095122453304803e-01
-8.798428835479156496e-02
-1.259899540638406701e-01
-1.451907291537098688e-01
-5.752573760407761472e-02
5.462678274016177088e-02
9.293861726596170866e-03
-2.030703810294936032e-02
2.167553897346678748e-01
7.118219893429519884e-02
6.829596601347968921e-02
1.030525688979278404e-01
-1.363220684284175144e-01
-4.634771879904997505e-01
-6.191073412920306690e-02
-3.471500986649408982e-02
1.381168753793947379e-01
-2.843196008238135092e-02
-1.225331174921896887e-01
-1.294469801649589524e-01
-1.312739109385939740e-01
-1.300065848617856790e-01
-1.281512431630826843e-01
1.012807283051946339e-01
1.100130969500007772e-01
7.925226089214214287e-02
6.876930816727810925e-02
9.160602148140960244e-02
-4.499542707713791723e-01
-4.530408362192985261e-01
-5.534356876876870279e-01
-4.923609937528041214e-01
-4.987703176140644290e-01
-4.781384590224906916e-01
-4.525474898721181249e-01
-4.708869078083885440e-01
5.814127775368262314e-03
-1.355750897051678228e-01
3.175044896300923802e-03
-8.426962161389504880e-02
-1.789210721624468273e-02
-2.447120965699880676e-02
-3.828665277868478767e-02
2.078729449347480052e-01
7.070052830024552148e-02
6.744480835398974916e-02
1.094050820703067473e-01
1.438918834672590352e-01
-2.762473943024187917e-02
-3.473720697044390543e-02
1.348126173642933412e-01
7.299510545841600417e-02
-3.023422543687705188e-02
-1.323269831326388257e-01
2.373274389188780309e-01
9.391876758048893492e-02
1.037808548989394841e-01
1.270576971791586851e-01
1.120425484497273028e-01
-4.496401687991327667e-01
-3.655052799281320874e-01
-4.656464312368858161e-01
-4.088684279116528431e-01
-5.801791604562607230e-01
-5.386801055805500171e-01
-4.941484091271674539e-01
-4.422673810896667335e-01
-4.655324802443557841e-01
-4.667704286842339623e-01
2.138834823762551102e-02
-1.405192066152348984e-01
-1.716672368950894756e-01
1.295707765748608208e-02
-8.680273073755102875e-02
-1.102866611029425931e-01
4.367700436053590773e-04
-2.169989721750467324e-02
-3.676592932979309142e-02
2.030016396693762881e-01
1.358355404618444839e-01
6.945633610846904671e-02
2.421888227194724796e-01
1.618546374240985297e-01
1.433725524427480191e-01
1.912207458126179496e-02
3.685848950218164471e-02
-1.313808347054308328e-03
-1.333451823080084031e-01
2.580125397631372608e-01
2.614274759976149554e-01
9.672567126731250464e-02
9.330814213471701202e-02
9.903535432890531176e-02
1.615368782489520205e-01
-4.843763336010506459e-01
-3.780542677702626864e-01
-6.009570474651261263e-01
-5.034809620944052933e-01
-4.389913751801199360e-01
-4.678950019336686750e-01
-4.709018100274169893e-01
2.178941226076605217e-02
1.445158066359217008e-01
-1.406115760141384841e-01
2.130190312840633121e-02
3.903854134545886589e-02
-8.712929361130047901e-02
-8.781863592066198321e-02
-1.131455140431431999e-01
-1.754619213774292769e-03
-7.161661644066090546e-04
1.005671802871546394e-01
7.313712523052741388e-02
2.647441366343895597e-01
2.623345746628300001e-01
2.673898145093703826e-01
3.473391845984921678e-01
1.056335252897549759e-01
9.396761247193785582e-02
9.578345972839311107e-02
-3.171710814186146088e-01
-6.052966410858838797e-01
9.027026524505052385e-02
2.043609220530362425e-01
1.234007508958272076e-01
-1.332640672544763150e-01
-1.252479017149508711e-01
-2.005333904707441162e-01
7.882015471249206873e-02
-8.887123371368067792e-02
-8.038106121408300497e-02
2.195014802103500626e-02
3.384512147143890932e-03
5.244982142957087951e-02
8.020642213073082838e-02
3.346909956054252566e-01
2.656214802728258384e-01
3.884237357633112397e-01
1.311487946048401076e-01
-2.897820858234209096e-01
9.895082266298690921e-02
1.168220057380600363e-01
-1.254857333028031319e-01
-1.265311576129681814e-01
-1.213666919986724629e-01
-2.524442744018131624e-01
1.147743232171190425e-01
-9.857999869244336855e-02
-7.528745897483851701e-02
-6.930276276774757771e-02
5.010227241480307708e-02
9.965945610278449662e-03
6.612605654201252070e-02
2.492315254073825814e-01
3.807453675238956503e-01
4.507684686191616441e-01
1.556889439063050551e-01
-1.106569646885310204e-01
1.758614091565354476e-01
-5.999048108998083356e-02
-6.351154820175483606e-02
2.793380985378218218e-01
2.225853209551914846e-01
3.675565012359873762e-01
4.081811247306744161e-01
3.791863588922331774e-01
5.065579042322466696e-01
1.966479351951926913e-01
-5.192839385013651304e-02
3.030118390979693044e-01
2.575881357480309108e-01
3.601349107922415804e-01
3.829497924736399717e-01
4.417999730489294286e-01
5.073354855751612824e-01
4.820989621944149484e-01
4.993295395079293542e-01
4.930067043955527750e-01
3.149849523771885984e-01
3.197346106837817836e-01
3.587947907428014616e-01
2.557124036497746000e-01
3.951663751459884022e-01
3.813240137572699862e-01
5.105006411712006420e-01
4.763827160636085467e-01
5.358453187055280953e-01
4.044388081796088108e-01
3.154699715202957111e-01
3.530259787455471976e-01
2.531081207092668595e-01
2.552284606312618109e-01
3.902428132531411409e-01
5.087341142522520121e-01
5.363322587434522504e-01
4.738487688515991558e-01
6.310455724174023340e-01
4.023872232395969695e-01
3.201159363711105210e-01
4.030024636855925046e-01
3.502937643460354300e-01
3.885835219915573235e-01
6.527187823275955036e-01
6.498012279774555422e-01
6.399580461218036254e-01
6.991115757415861109e-01
6.509758234451965553e-01
6.420564651405415990e-01
6.517587645115875405e-01
6.427828539895500404e-01
6.648155354937186345e-01
