-9.200761502483157522e-03
-3.453880610868063916e-02
-1.009128726545581618e-02
-4.875431114717090203e-02
-9.035698879066841882e-03
-1.551662143121536885e-01
-4.108661126995983431e-02
-1.648475171978208142e-01
-6.987942863022396367e-02
-2.363052390822117585e-02
-3.960672845469548689e-03
-1.950976446605064696e-01
-6.954690346691372316e-02
-2.163782726006384036e-02
-2.117722444574508811e-01
-1.411802784110606501e-01
-2.409976165173308149e-02
1.475933353304844688e-02
-1.461119801539486306e-02
2.372638749589939429e-03
-5.661185693567626770e-02
-2.002503744637277316e-01
-7.049865861021353819e-02
-7.614236599238813352e-02
-1.976851424228037724e-02
-2.217576525105599897e-02
-1.205972588260293722e-02
-2.833658603772729045e-01
-1.597370237785970259e-01
-1.421788225767972869e-01
-1.678104230133236133e-02
-6.793784961076147766e-02
2.549649788604628486e-02
-1.922065533131577658e-02
7.819909676912387142e-03
-5.953219964233554679e-02
-6.801206608601126358e-02
-1.848214992056125272e-01
-1.560844099647331340e-01
-2.211800795600200598e-01
-6.829324639781043926e-02
-1.042525722418830153e-01
-1.108098277464943104e-02
-2.951572102126510597e-02
1.603333771540516343e-03
-3.384778569301716972e-02
-3.377241826911286382e-01
-3.713950678600351218e-01
-1.896428353808135847e-01
-1.150610808342812375e-01
-6.301602725625742550e-03
-6.408637125347906027e-02
-7.063215637441684625e-02
4.037093703014122542e-02
2.243025509263647799e-02
2.820100185053416725e-02
2.504524801707583726e-03
-6.560810882769302355e-02
-7.462665279809807539e-02
-8.218782513662171996e-02
-1.551975545022052649e-01
-1.874413336205821012e-01
-4.195895461469177912e-01
-9.477114856002706242e-03
-3.832099384635690581e-02
-3.854405716840370033e-02
7.570711392592159583e-02
6.352906245492999154e-04
5.057702760628561556e-02
-3.501507447935714445e-02
-3.623856241357552577e-01
-4.541027996708945080e-01
-2.918229532453174846e-01
-3.877673550082042508e-01
-2.070742866404418348e-01
-8.027761818021786344e-02
-1.082688189054489686e-01
-1.990897302028328542e-02
-6.594926956287767983e-02
-6.971365347442236293e-02
4.776507485603830733e-02
2.555165019826605155e-02
1.111564808205152133e-01
-1.107846046298966922e-02
-7.896873645827848232e-02
-9.246999330965430253e-02
-4.348389626557563337e-01
-1.772184219162488417e-02
-4.010184821361150939e-03
-6.180931904813290884e-03
-6.132698186241009389e-03
-8.893202058814773936e-02
-7.170643545860147516e-02
9.411050241119858772e-02
7.704378062667839588e-02
1.106280943657430155e-01
1.076705177111916129e-01
-3.572364963064369320e-02
-4.062806984520998532e-01
-4.633842062292888309e-01
-4.468254234647653367e-01
-2.599714069838860442e-01
-4.002129901924754707e-01
-4.790651111835068227e-02
-9.120289807749724920e-02
-1.108610318085362090e-01
-2.024387623228352320e-02
9.216869568737111329e-02
4.655161055733073039e-02
1.802618441089238327e-02
2.551390816217581903e-01
1.089076429304784155e-01
1.059191972795326536e-01
1.407365760860903592e-01
-9.746798411623860958e-02
-4.241717683535574657e-01
-2.219143924648653288e-02
4.893302251814792524e-03
1.777062556006161753e-01
1.162301386390216830e-02
-8.287456081605755476e-02
-8.979742419606633053e-02
-9.162435497018744934e-02
-9.035967896529772947e-02
-8.851135038507268460e-02
1.408715617329533154e-01
1.496034910051246281e-01
1.188471677819712274e-01
1.083647129603335785e-01
1.312005548515765840e-01
-4.096042689969851547e-01
-4.142345493796020794e-01
-5.145059854433919888e-01
-4.533429820243589647e-01
-4.594873938018964599e-01
-4.387469671604690702e-01
-4.123571617556395785e-01
-4.319236500312469418e-01
4.475247059765911223e-02
-9.958621877365876618e-02
4.076000767239175426e-02
-4.738099266378201918e-02
1.966812631837492817e-02
1.513417358817754389e-02
8.452506713947790466e-04
2.462566368204199274e-01
1.084452636681911414e-01
1.056108693948605015e-01
1.470476179940996275e-01
1.815621745747321159e-01
1.196714639007776838e-02
4.868932008957704664e-03
1.744019976032243346e-01
1.125553754831919162e-01
9.178753369992588215e-03
-9.267742716459177743e-02
2.769081967283890666e-01
1.335023927336116134e-01
1.433702544054286376e-01
1.666487053964064435e-01
1.516363230081774205e-01
-4.094694410231151660e-01
-3.257525009227657531e-01
-4.268386437805130051e-01
-3.694747973198151958e-01
-5.412494582074747207e-01
-4.998122705302319169e-01
-4.547569170935426008e-01
-4.022674242043564607e-01
-4.253421521523940707e-01
-4.280902025842617808e-01
5.969360559823731760e-02
-1.041210505653294843e-01
-1.355008045033458675e-01
5.067528374807640096e-02
-4.998856183633300365e-02
-7.339803165991024003e-02
3.808225348698510843e-02
1.788333429434938934e-02
2.490533984122016587e-03
2.413853315541890088e-01
1.740497322414280013e-01
1.076876021438582798e-01
2.798313587210937148e-01
1.995249285368888847e-01
1.810428435511939327e-01
5.865498866817959317e-02
7.640111166937647857e-02
3.817931930945567959e-02
-9.369562634028176518e-02
2.975907252360999733e-01
3.010071899012027319e-01
1.363042421440397167e-01
1.328936781708592307e-01
1.386237377626665657e-01
2.011290011363892627e-01
-4.455645843031333930e-01
-3.388675496891512817e-01
-5.620273452123928370e-01
-4.647259857451049303e-01
-4.011093579455254354e-01
-4.277046738501375511e-01
-4.307114819517284254e-01
5.974489374233243888e-02
1.825889921813620143e-01
-1.036531281721997655e-01
5.911450165742795221e-02
7.677765547981203753e-02
-5.017391776602070363e-02
-5.100446701112291981e-02
-7.625688455407793331e-02
3.589086423312416729e-02
3.881412358209294922e-02
1.388572501147889715e-01
1.114214266146936611e-01
3.023866726458432908e-01
3.019124534199405518e-01
3.069634195032474033e-01
3.869125764008472523e-01
1.452034967536796339e-01
1.335540006528950219e-01
1.353708057381085017e-01
-2.783755030922344664e-01
-5.663669388322882803e-01
1.281568491204605476e-01
2.424341077121447141e-01
1.613749004866961156e-01
-9.585705411516724783e-02
-8.900003768265139781e-02
-1.628827844656926815e-01
1.166317614900206356e-01
-5.200025765549790013e-02
-4.344707445077546776e-02
6.148423551772131540e-02
4.291590424914485530e-02
9.106977887220146783e-02
1.185469354245103912e-01
3.742650098919703128e-01
3.051901738155374799e-01
4.279951031689907537e-01
1.706994995348856958e-01
-2.511532554063060640e-01
1.368305160479969529e-01
1.547450509129707774e-01
-8.867218852202519985e-02
-8.912707244809846274e-02
-8.494951618485764577e-02
-2.142641368678196712e-01
1.526436375483973817e-01
-6.181405083939907341e-02
-3.840530721051372415e-02
-3.239114963779927969e-02
8.964037222444791453e-02
4.949845588050338918e-02
1.045874112703830267e-01
2.887938305587809951e-01
4.203144183021835234e-01
4.903385950061402432e-01
1.952421301400279474e-01
-7.405016614402694375e-02
2.137307228807751591e-01
-2.309830084177848242e-02
-2.661434012892055501e-02
3.189009326016056245e-01
2.621451254768724093e-01
4.071236025140498871e-01
4.477499297936963774e-01
4.187554095265813014e-01
5.461267823884474737e-01
2.362051989121301820e-01
-1.583840606844024584e-02
3.425750296588657706e-01
2.971509776248653645e-01
3.997013676785053926e-01
4.225172970934292227e-01
4.813684994012247809e-01
5.469043148776109309e-01
5.216673078608586867e-01
5.388983038881206555e-01
5.325753262976324898e-01
3.545483144469061543e-01
3.592979021071238677e-01
3.983607976281928753e-01
2.952752172496907468e-01
4.347341397914621930e-01
4.208915183881730138e-01
5.500694234286678252e-01
5.159510618001317273e-01
5.754139125265309573e-01
4.440055188193682834e-01
3.550334470262670461e-01
3.925919855835856564e-01
2.926709566347406311e-01
2.947913070025806048e-01
4.298105779161995321e-01
5.483028965022825885e-01
5.759008884940668427e-01
5.134171145738635200e-01
6.706141834172003602e-01
4.419539336562737231e-01
3.596797157621356988e-01
4.425691735986008735e-01
3.898597711202386740e-01
4.281512866848303789e-01
6.922873933251721956e-01
6.893698389756436340e-01
6.795266571183458115e-01
7.386801867426642243e-01
6.905444344416242775e-01
6.816250761370145073e-01
6.913273755118616304e-01
6.823514649844849567e-01
7.043841464964191168e-01
