-8.207173230357363962e-10
-5.581911914568187485e-10
-1.151985353356443416e-10
-3.730074444843813901e-10
7.689349295832097361e-10
2.051727870267900218e-11
-2.316963733064760056e-10
-2.291755788772742411e-11
6.257479992496365682e-10
5.266990915991818990e-10
3.135751140867748407e-10
1.126841734128524650e-10
-4.085986937985335431e-11
-6.461125620045954257e-11
9.266829485487438583e-11
3.263246211039906287e-10
4.997532345740535730e-10
1.725275405853638789e-11
2.735281672157095942e-10
5.050911342756299243e-10
1.495173933701937022e-10
1.503583790168944786e-10
8.017720938461519940e-13
-3.205155628695866267e-11
1.088241262691877542e-10
1.040704561746789778e-11
2.059569449251086631e-10
5.974986819469024557e-11
1.969359490326543778e-10
3.374303165180371030e-10
2.221588916766449578e-10
2.261955946856338807e-11
-5.834608392340684808e-10
2.874134642281248604e-10
5.433185853514029146e-10
-3.633412792132293040e-10
1.621642973335781122e-10
2.311910419747328626e-10
1.365702883040581884e-10
1.548394090171136365e-10
-8.232805620029533974e-11
1.022302162990970331e-10
2.211928905597857830e-10
1.219718835912377613e-10
3.170291776413341439e-10
1.905019430861830224e-09
3.714616689928361924e-11
-2.048184429739082512e-10
2.085642272106955864e-10
3.331144899104953946e-11
-1.728659396537735788e-10
-5.751220761561039580e-11
-5.270453798807897550e-11
-8.453934954505591493e-10
-5.928137314773228741e-10
4.832405565864234020e-10
5.636141617944111779e-10
-3.880980346695712458e-10
-2.069901743399994441e-10
5.430386860080124693e-11
1.926837391416824103e-10
2.529441889617240935e-10
2.526253224143376108e-11
2.612417645170391467e-10
1.210031519173987580e-10
1.396602255352744225e-10
9.580956608233225720e-11
4.015369151083526468e-10
5.027467827521445382e-10
4.078044452359043921e-10
2.651411851068492468e-11
-1.113587402174461506e-10
-3.267035544547671665e-11
-2.327505592704399453e-10
2.032920196123984997e-10
2.026907027626619576e-11
1.762205533581039057e-12
-7.904560929007717658e-11
-3.080999258905241682e-10
-1.070523305352287749e-10
-7.474787033964489730e-10
4.530951652181004747e-10
3.924702368198529783e-10
5.619411938802581921e-10
-1.076665628759421285e-10
2.290267458774711626e-10
5.326295086297784286e-12
5.111191519767156056e-10
2.515531980612614850e-10
2.414171375559687951e-10
2.383741924103446204e-10
-6.045814468826995428e-11
-3.695625177076904830e-11
-5.362981803382464131e-11
3.082646735902297435e-10
-2.909966835410253392e-11
-5.196048861087478687e-11
-6.466279614890997623e-09
1.175310360255005236e-13
-1.471161981298675314e-10
-5.297481041696440520e-11
1.882116425652612321e-11
-2.245798804529915782e-10
5.900787430375971272e-12
-6.649134080873399950e-11
1.933784274628387807e-12
-5.357266891360745221e-11
-2.851786132683347266e-11
-7.885115836827889363e-10
4.080322564052359845e-10
-2.091700389752082304e-11
3.977763213447016040e-10
1.788821845101685551e-10
1.663178910888992504e-10
3.261435508587223713e-10
7.127140355063694912e-11
5.202438487395785180e-10
4.067684517940826336e-10
4.358524940215473356e-11
3.609204578327175316e-10
1.862338751064543325e-11
-6.594450012351849331e-11
-7.986732079536390699e-11
-8.580051141838713439e-11
-1.098778176004295586e-10
8.851436625074851935e-12
2.465490740363992682e-10
-5.072627099013295170e-11
-2.824284091752196594e-11
-8.422065899640307634e-11
-4.216636797250373151e-12
-2.966255667220076999e-12
1.896705346010290008e-11
-2.008009900134939882e-10
-6.997033118281475639e-11
-7.875798111525068598e-11
-8.212091101676204193e-12
-2.322587838460557203e-10
-3.171202838399702219e-11
-6.131869640151031383e-11
6.499336713774893504e-12
-3.194656328600470526e-11
4.678724204140516050e-12
3.797446500687661685e-10
-5.397781182160200347e-11
-4.763812098542090045e-11
4.071681752153380041e-10
-2.329588179141833900e-10
4.615994354479804221e-11
-1.477922743442597191e-10
3.746131036220784919e-10
4.166534732016375127e-10
-5.287326010279465442e-10
-3.669554734643318489e-10
-1.461918295427311173e-10
-8.763476691726912157e-11
8.231653452619375012e-10
-8.502713222993135747e-11
3.393264976425190484e-10
1.771567785625156194e-10
-6.167085674589417650e-11
-7.073793191025696322e-12
6.527538360064137410e-12
-3.851113545116903807e-12
-1.237071947238373528e-11
1.536054239935443932e-10
-5.219917652612702080e-11
-1.154822666188200211e-10
-1.202710484789317773e-11
-9.800887732314563230e-12
-2.298726123760800556e-10
8.038203007009559545e-12
-3.696783354898587742e-11
-8.091177437008536048e-11
2.657798996900478628e-11
-2.781233709669059956e-11
1.198927504887769559e-11
2.065755378519861383e-11
3.364551602535979547e-10
-9.801499926105190994e-11
-6.472594429248406289e-11
6.279560521214501644e-11
-2.837385036961897537e-10
-6.368262825528787509e-12
-2.587133021258501897e-10
-1.667866082600717690e-10
-4.580928332091432009e-10
-4.721847359677357800e-10
-5.231571983082369945e-10
-9.544307465117918294e-11
8.694583784118515170e-10
7.702674423624549602e-11
-4.934510179305053440e-10
1.112350802336395149e-10
4.598700374376341973e-10
-5.850526582451387305e-11
-6.628136011500239329e-12
-8.557937937671169644e-12
2.785441190773382932e-10
-1.922432693546744900e-10
-1.381734807483183716e-11
-1.053693046155989296e-11
-1.090466583644035401e-11
3.118635094197474503e-11
-3.624529287618037218e-13
1.334559756278883044e-12
4.004806409580379398e-11
1.682199462532724055e-11
-2.565229320840848699e-11
-2.925258649608231051e-11
2.112957420691261793e-11
2.319531034313281789e-11
1.633724197841789120e-10
-1.253240563345575434e-10
-2.816093990998003679e-10
-1.344218314640225647e-11
-1.309170877396626587e-09
3.144029133252352160e-09
-1.015334805476404385e-09
-9.678220848047685801e-10
2.765885694359309741e-10
4.488648338798055132e-10
-8.218360664977127155e-13
3.063536240663748905e-10
4.026811780821209344e-12
2.092889163430432738e-13
-4.697186159453658904e-12
8.341833444018925765e-12
1.135762083747607508e-11
8.007763470782515226e-12
5.894942497891360867e-12
-1.704214461355805948e-11
-1.810597719746178050e-11
2.138844342508782215e-11
1.227865129893978647e-10
-2.497939298312457504e-10
-2.313075835362336691e-10
-8.801046177916090153e-10
-3.503867431021059906e-09
-9.735833890159471357e-10
-7.032980614061736264e-10
2.838060597826595531e-12
8.532731850317566462e-13
-5.420347904212173741e-12
1.311132700597571826e-11
1.147158261135483687e-11
2.533246329658218984e-12
5.675171482275868938e-12
-4.332894124704776177e-12
-1.418263094078637268e-11
-4.384905078681967232e-12
-5.786297738522130280e-12
-1.446456159847033773e-10
8.213304223337707056e-11
-2.667961927111152539e-10
-9.769625460230242767e-10
-5.975590361201151440e-10
-6.133453607861629656e-10
-6.558133952791121000e-10
-7.431171113972584212e-12
4.840425867065147842e-13
7.631497529687701730e-12
4.324557993919800385e-12
1.270154931209328174e-09
-1.055412341270181387e-09
4.660937756788261359e-10
2.451184986689720078e-10
9.552461192524442776e-11
-3.595004817111091418e-10
-1.133098331445591644e-10
1.266746620545816679e-11
7.714190267696328853e-10
-3.346019110631156961e-09
-1.322040436557751173e-09
1.095587165621928796e-09
6.644800220526412981e-11
-4.062648486099520833e-10
9.947067723014437890e-10
6.342757879836220091e-11
1.232877775832073076e-10
-1.009964411798668357e-09
1.468475645757291106e-10
-2.398281851249117052e-09
-5.094212996840869084e-09
1.264728981325840283e-09
1.185106635149804950e-09
-3.888344939284237637e-10
1.703802027703080735e-09
1.385124073242733295e-10
3.613394464638997293e-09
-1.433374531048084262e-09
-4.609719067131536029e-09
8.453834006463222853e-09
-2.423993146112200862e-09
2.164634760215806776e-09
-4.380550534001899202e-10
4.701128113012919495e-11
2.105176446304490448e-09
-7.698093737173134193e-11
9.489806762630660551e-09
1.785983042797244383e-09
2.965697114812128957e-09
-6.055623032557701055e-09
2.446019766069964207e-09
-9.355547323241883231e-11
-8.154642336113554146e-11
-1.148148811890026102e-10
1.783609680430112479e-11
-1.183882960968532237e-10
-1.227775624126593820e-10
5.654511255155593221e-13
9.900349455431000524e-12
5.352076225974229932e-11
