1.586599999999999966e+01
-1.008000000000000007e+00
-1.241999999999999993e+00
-9.209999999999999298e-01
1.893700000000000117e+01
2.584999999999999964e+00
-9.340000000000000524e-01
2.608999999999999986e+00
-1.668000000000000149e+00
-2.016999999999999904e+00
-2.415000000000000036e+00
8.210000000000001741e-01
-6.430000000000000160e-01
8.279999999999999361e+00
-1.388000000000000123e+00
-1.217000000000000082e+00
-2.028999999999999915e+00
7.894999999999999574e+00
-2.075000000000000178e+00
-1.339000000000000190e+00
-8.050000000000000488e-01
-5.040000000000000036e+00
-4.970000000000000528e-01
-5.689999999999999503e-01
-9.400000000000000577e-01
-1.717279999999999363e-01
-6.380000000000000115e-01
-5.663999999999999702e+00
-1.112999999999999989e+00
-1.172000000000000153e+00
-2.089999999999999858e+00
-6.759999999999999343e-01
-1.533000000000000140e+00
-1.810999999999999943e+00
-1.453000000000000069e+00
-5.090000000000000080e-01
-6.039999999999999813e-01
-1.310999999999999943e+00
-1.015000000000000124e+00
-5.400000000000000355e+00
8.206000000000001293e+00
7.441999999999999282e+00
-8.620000000000000995e-01
-1.104000000000000092e+00
-9.109999999999999210e-01
-2.130000000000000226e-01
-5.552000000000000490e+00
-1.888000000000000123e+00
-1.596999999999999975e+00
-1.048000000000000043e+00
-1.878000000000000114e+00
-6.970000000000000639e-01
-6.720000000000000417e-01
8.118000000000000327e+00
-1.528000000000000247e+00
-1.998000000000000220e+00
-1.588000000000000078e+00
-5.820000000000000728e-01
-6.089999999999999858e-01
-5.970000000000000862e-01
-2.583999999999999631e+00
-1.247999999999999998e+00
-1.800000000000000044e+00
-1.084000000000000075e+00
-1.243000000000000105e+00
-1.231999999999999984e+00
-1.479000000000000092e+00
-6.690000000000000391e-01
-9.459999999999999520e-01
-1.839999999999999969e-01
-5.693999999999999950e+00
-1.850999999999999979e+00
-1.749000000000000110e+00
-1.888000000000000123e+00
-5.531000000000000583e+00
-9.890000000000001013e-01
-1.082000000000000073e+00
-1.758000000000000229e+00
-6.260000000000000009e-01
-5.820000000000000728e-01
-1.056999999999999940e+00
-2.258999999999999897e+00
1.272100000000000009e+01
-2.105999999999999872e+00
-5.770000000000000684e-01
-5.910000000000000808e-01
-1.820000000000000062e+00
-1.840000000000000080e+00
-1.189999999999999947e+00
-1.205999999999999961e+00
-1.368999999999999995e+00
-4.139999999999999791e-01
-4.110000000000000320e-01
-1.548000000000000043e+00
-1.523000000000000131e+00
-4.929999999999999938e-01
-3.150000000000000022e-01
-1.750000000000000167e-01
-5.350999999999999979e+00
-4.750000000000000888e-01
-1.833000000000000185e+00
9.605000000000000426e+00
-1.844000000000000083e+00
-1.164000000000000146e+00
1.942000000000000171e+01
-1.217000000000000082e+00
-1.590000000000000080e+00
-8.940000000000001279e-01
-8.679999999999999938e-01
-2.184000000000000163e+00
7.346999999999999531e+00
-1.365999999999999881e+00
-9.790000000000000924e-01
-8.150000000000000577e-01
-6.420000000000000151e-01
2.225999999999999979e+00
-1.561999999999999833e+00
-1.814000000000000057e+00
9.920983999999998915e+00
-1.969000000000000083e+00
-5.210000000000000187e-01
-3.770000000000000573e-01
-4.289999999999999925e-01
-3.760000000000000009e-01
-3.360000000000000209e-01
-1.118000000000000105e+00
-5.080000000000000071e-01
-4.889999999999999902e-01
-4.610000000000000209e-01
-2.710000000000000187e-01
-5.225999999999999979e+00
-5.332000000000000739e+00
-1.905999999999999917e+00
-1.901999999999999913e+00
-1.855999999999999872e+00
-1.861999999999999877e+00
-5.115000000000000213e+00
-1.790000000000000036e+00
5.089000000000000412e+00
-1.255000000000000115e+00
1.023199999999999932e+01
-8.309999999999999609e-01
-5.300000000000000266e-01
-2.080999999999999961e+00
-7.279999999999999805e-01
-6.859999999999999432e-01
-2.016000000000000014e+00
-4.550000000000000155e-01
-1.539999999999999980e-01
-2.439999999999999947e-01
-1.793000000000000149e+00
-1.433000000000000052e+00
-2.660000000000000142e-01
-4.199999999999999845e-01
-6.559999999999999165e-01
-4.579999999999999627e-01
-1.469999999999999918e-01
-3.729999999999999982e-01
-5.050000000000000044e-01
-5.050000000000000044e-01
-3.039999999999999925e-01
-5.116999999999999993e+00
7.106637999999999344e+00
-5.400000000000000355e+00
5.842999999999999972e+00
-1.898000000000000131e+00
-1.841999999999999860e+00
-1.883000000000000229e+00
-4.918999999999999595e+00
-5.024000000000000021e+00
-1.736999999999999877e+00
-1.157999999999999918e+00
-1.985999999999999988e+00
-5.209999999999999964e+00
-1.843000000000000194e+00
-5.330000000000000293e-01
-2.770000000000000240e-01
-6.870000000000000551e-01
-2.028999999999999915e+00
-6.189999999999999947e-01
-6.859999999999999432e-01
7.427999999999999936e+00
-4.460000000000000075e-01
-5.099999999999999672e-02
1.621100000000000207e+01
-1.660000000000000087e-01
-4.779999999999999805e-01
-4.849999999999999867e-01
-6.280000000000000027e-01
-4.689999999999999725e-01
-6.070000000000000950e-01
1.206300000000000061e+01
-2.430000000000000215e-01
-3.460000000000000298e-01
-4.860000000000000431e-01
9.647421000000001357e+00
-5.527000000000000135e+00
-8.399999999999999689e-01
-1.840000000000000080e+00
-1.873000000000000220e+00
3.276000000000000689e+00
-1.441000000000000059e+00
-1.704000000000000181e+00
-1.429999999999999938e+00
-3.860000000000000098e-01
-2.103000000000000203e+00
6.795999999999999375e+00
-6.139999999999999902e-01
-4.760000000000000342e-01
-6.550000000000000266e-01
-4.060000000000000275e-01
-7.550000000000000044e-01
-1.988000000000000211e+00
-7.540000000000001146e-01
-6.520000000000000240e-01
3.527000000000000135e+00
-4.739999999999999769e-01
-6.879999999999999449e-01
-2.019999999999999851e-01
-1.459999999999999909e-01
-3.549999999999999822e-01
-3.920000000000000151e-01
-1.032000000000000028e+00
-1.784000000000000030e+00
-4.770000000000000351e-01
4.900000000000000355e+00
-5.110000000000000098e-01
-1.905000000000000027e+00
7.052999999999999936e+00
1.398000000000000131e+00
-5.829999999999999627e-01
-6.009999999999999787e-01
-5.710000000000000631e-01
-9.709999999999999742e-01
-1.179999999999999938e+00
-6.630000000000000338e-01
-7.290000000000000924e-01
-1.580000000000000016e-01
-8.270000000000000684e-01
-2.289999999999999813e-01
-4.380000000000000004e-01
9.900000000000000355e+00
-4.779999999999999805e-01
-5.479999999999999316e-01
8.413000000000000256e+00
-1.918000000000000149e+00
-1.493999999999999995e+00
-1.816000000000000059e+00
2.515105999999999398e+00
-7.369999999999999885e-01
-9.849999999999999867e-01
2.960000000000000409e-01
1.018000000000000016e+00
-9.329999999999999405e-01
-7.229999999999999760e-01
-9.429999999999999494e-01
-2.760000000000000231e-01
9.279999999999999361e-01
-3.500000000000000333e-01
-8.640000000000001013e-01
4.900000000000000355e+00
-9.879999999999999893e-01
-9.479999999999999538e-01
-8.540000000000000924e-01
-2.860000000000000320e-01
-3.140000000000000013e-01
-3.039999999999999925e-01
-4.120000000000000329e-01
2.247700000000000031e+01
-1.019999999999999934e-01
8.062000000000001165e+00
-9.699999999999999734e-01
-2.850000000000000311e-01
-3.150000000000000022e-01
-4.129999999999999782e-01
-3.279999999999999583e-01
-5.190000000000000169e-01
-3.189999999999999503e-01
-4.639999999999999680e-01
-4.920000000000000484e-01
-7.820000000000000284e-01
9.951000000000000512e+00
-3.229999999999999538e-01
-1.089999999999999997e-01
-4.289999999999999925e-01
-3.570000000000000395e-01
-5.310000000000000275e-01
-4.479999999999999538e-01
-5.460000000000000409e-01
-3.429999999999999716e-01
-8.540000000000000924e-01
-3.429999999999999716e-01
-7.099999999999999367e-02
-1.059999999999999970e-01
-4.450000000000000067e-01
-5.010000000000000009e-01
-5.370000000000000329e-01
-4.370000000000000551e-01
-3.629999999999999893e-01
-8.900000000000000966e-02
-1.030000000000000027e+00
-3.639999999999999902e-01
-3.790000000000000036e-01
-3.729999999999999982e-01
-3.900000000000000133e-01
-4.440000000000000058e-01
-2.160000000000000253e-01
6.572578999999999283e+00
-3.709999999999999964e-01
-2.060000000000000164e-01
-3.099999999999999978e-01
-8.699999999999999400e-02
8.000000000000000444e-01
