-4.730357521081523250e-09
-2.197959169492761218e-09
-3.489541050569728972e-10
-3.129561154875375286e-09
2.603641149082150746e-09
-3.693623285524784590e-11
-1.491315056327393242e-09
-1.006639095072864635e-09
6.976396783459654941e-09
3.358011296116067390e-09
2.792686564037747102e-09
-1.912283993952383250e-09
-3.801212679336722635e-09
-2.301242031242093945e-10
-3.041088894759600252e-09
3.501462386261106119e-09
1.169819204743136715e-09
-1.739150181831056839e-09
-8.508065248487810548e-10
1.525376935099570475e-09
9.075685928805397734e-10
6.149620912182171348e-10
-7.879622647025995923e-09
-3.625874949877051118e-09
-9.593391716442792812e-10
2.063979655080812604e-09
-5.598191682851531163e-10
-4.003572961647305387e-09
-9.710741812812101727e-10
2.057522309776013032e-09
1.587109578220405805e-09
1.757290876762418215e-09
-4.164405482909050927e-10
-7.723770136727452948e-10
5.396506618995795755e-10
3.448293619767350372e-09
1.896992987444088849e-10
-1.003680624405082175e-09
-8.309085706663238830e-10
3.630466856982285012e-10
-2.664802380875409269e-10
-1.143745736180841508e-09
1.677850719135796286e-09
-3.959861501099269345e-09
8.773749345382962187e-10
5.764666807566269372e-09
-3.928931029655523772e-09
-2.929740267204480689e-09
-3.594510412350026525e-09
8.113832948846181687e-10
1.246298025635523401e-09
2.326677072954621785e-09
2.206623703688850320e-09
-2.656571356362244042e-09
2.872721751718642383e-09
6.523375875244218351e-11
3.570326324937183886e-10
5.377180154287020980e-09
5.038908060989469278e-09
1.419120786277588147e-09
-3.103000157487725534e-09
-1.249035670332645002e-10
-5.872832691666074169e-10
-5.001425556566947585e-10
-2.230956839566004702e-09
-3.955922386230816110e-09
-1.320256068144845455e-09
3.958568416724173182e-09
-5.633586737874957018e-10
2.463840154225728766e-09
-4.437694359499020327e-09
-1.294033666697490026e-09
1.431886493128822643e-09
-4.722433832869330414e-09
-4.844358101639361363e-09
4.679879721938776285e-09
1.293393915536138184e-10
2.987928087986574158e-09
5.321866240332898163e-09
3.308504510121139288e-09
2.675042755253019523e-10
4.745778310179401251e-11
-3.317700669134710470e-09
-1.313813644546189111e-09
3.702951957596877741e-09
7.861964867304880947e-10
7.158452036129258592e-11
2.051440465744603176e-09
-7.499507135435234979e-10
-3.925985815070418790e-09
-2.446841647247488175e-09
-4.277639141670976410e-09
-3.277525643840485401e-09
-3.278613070967649053e-09
1.308480284359663504e-09
-8.139946910707556324e-10
1.608906905023967915e-09
4.768322510585357819e-09
-5.051352243077344301e-09
-1.477807177038266311e-09
-5.323295094830782400e-10
-1.640550295488324944e-11
-2.356176554048417713e-09
6.362023436940367625e-09
-9.809976392724250193e-10
1.802996613299502357e-09
7.873483121751526854e-10
1.366528145284261851e-10
1.841596789448602748e-09
3.639926926678514397e-10
7.010493027100576348e-09
3.875253940483293929e-10
-5.361832033238221048e-10
-1.023837648375616140e-09
2.373430132514935225e-09
4.010780063241163753e-10
-1.211263881882167519e-09
-2.292921664101625039e-09
-2.546829733144002894e-09
4.766968333471899269e-10
-4.653674612697594982e-09
-4.635706333874252082e-09
-4.638573473497268747e-09
-3.562976928485156649e-09
-2.473769100347573385e-09
-4.496122840061961117e-10
-3.845718843221433425e-09
2.195746400380620833e-10
-1.316740788450457601e-09
-2.193642992306169381e-09
-3.088041681799211362e-09
-7.124136631819933677e-09
-4.279812030121693235e-09
-8.431995138568954897e-10
-1.425849010554447923e-09
-3.612811788527894756e-09
-3.761185655910170088e-09
-2.243097251394926977e-09
7.273496779024095504e-09
1.053105413980547088e-09
1.153925340659899762e-09
1.348024478045570493e-09
-4.042448080578629343e-09
1.314040549935980887e-09
1.473520451631251281e-09
5.684764538477781376e-09
-1.560717166018510228e-09
-8.977503560749029627e-10
-9.922768392552564097e-10
-2.123593124673117524e-09
-5.700983739132503439e-10
-4.085888759242103311e-09
-8.520857814086432125e-10
-3.701029803669438469e-09
-3.766517220230433865e-09
-4.896269348435930800e-09
-6.182044375989334518e-10
-1.751611139633688468e-09
-3.369433717048084846e-09
-6.021832289124977891e-10
1.246373819965794599e-09
-4.510732102599970570e-09
-6.451384407508258309e-09
-4.824132669975396827e-09
-4.362588652136619424e-09
-4.299373724129688288e-09
-5.571048273550710060e-09
-5.744844898409476952e-09
-6.519169728762188087e-09
-7.204985703367625391e-09
-5.867290958914728746e-09
5.251420348769336562e-09
2.348865193248550286e-09
1.748460560804349178e-09
4.980336650465163731e-09
3.074649976941091306e-09
6.153706035221660477e-09
-5.847507735035888208e-09
2.230823951362343694e-09
-8.311371768207022990e-10
1.010906712546699684e-09
-2.335264412327818343e-10
9.474951645045389549e-12
-7.989171234662462178e-09
-1.158139808142924595e-09
-3.472513189739622133e-09
-3.964369003791013542e-09
-3.314476829028409428e-09
-4.614394395905027470e-09
-4.318328263257516269e-09
-1.845651417519431598e-09
-1.251334588815844047e-09
-3.615122556040672754e-09
2.914359507616761075e-10
-2.897457546686055647e-09
1.683619452768718943e-09
-7.999795485269636964e-09
1.535731268621214721e-10
-1.983726673877792093e-09
-6.236011070744708499e-09
-5.070895789200170524e-09
-8.422983415960440046e-09
-8.348194941873620314e-09
8.066952910914698059e-09
-2.515204553842307673e-09
-1.035624987606263473e-09
5.379748003793188012e-09
1.089236090496076146e-09
3.960254298832834481e-09
-2.911738744026572419e-10
5.284370254158470307e-09
8.410721477090750429e-10
2.977204106179061180e-09
4.674185036490094194e-10
-1.671936551245168681e-09
-9.899657787885610129e-09
-3.730280736321240426e-09
-2.194959608677906752e-11
-1.404160516213363072e-09
4.289852826872852782e-12
-1.365973250025728616e-09
-2.621815424408528783e-10
-3.537090799367678821e-09
-1.552332545629122574e-09
7.379113367952558916e-09
-2.284121512782247295e-09
-1.916938714736215374e-09
2.459071858962046200e-09
2.621731349750632983e-09
-1.235698202404613966e-10
5.921403927911717378e-10
1.961537042182790131e-09
3.318161723576844212e-09
3.039689621209731212e-09
1.077464261906587281e-09
4.144697639545681595e-09
-1.576852534738368780e-09
1.224243675710426071e-10
8.673480192196066645e-11
-5.611763913519533680e-10
4.481005531193681346e-09
3.479960636723237330e-09
7.473091190307257495e-09
1.399288002323568763e-14
1.820836115186807216e-09
1.413110889637993636e-09
2.677030223505291951e-09
-1.383699038458998659e-09
3.592133176642595264e-09
3.357130780692282476e-09
2.059697769618534518e-09
2.432842413910004825e-09
3.222451341951132480e-09
2.593298964296878664e-09
6.330096375923508454e-10
1.883994278235516080e-09
4.298759290132133513e-09
3.116529499603949269e-09
3.489502383580433755e-09
1.996390225482627254e-09
7.749867809164217333e-09
6.103633259366492964e-09
3.943603915580529908e-09
1.164512992485164915e-09
2.617898813551297404e-09
4.349674986159071232e-09
3.585878288871281511e-09
4.393784262457173152e-09
1.156098757037657391e-09
3.480507252567819630e-09
6.394962787556639403e-09
-4.328273315460841518e-10
7.736840035955127859e-10
2.130029194454093642e-09
6.954267784505322804e-10
2.232526674863327137e-09
1.024406212925572446e-09
-3.074174554880572354e-10
-2.488989244054653899e-10
5.417594349086622664e-10
-8.663537908711286565e-10
1.993077145931556234e-09
3.034191925352103114e-09
9.349887092066584536e-10
6.937430433867283347e-09
2.796696971829130443e-09
-6.527057677602485241e-10
4.737417501056224022e-09
3.489283505402835688e-09
4.999274232694637490e-09
-3.362244096448566449e-09
-5.216965491419622460e-10
2.269644942507802046e-09
8.611277022589686217e-10
7.078783434913818463e-09
1.866531255263294145e-09
3.188999225066375672e-09
4.118554086165621467e-09
-1.184275689252291178e-09
5.913083009810988800e-09
-1.604750449452718700e-09
3.438940416126372259e-09
3.426042908731380626e-10
9.995253133430525083e-09
-1.128073451543932279e-09
-9.621208280941005525e-10
-1.467939397718176180e-10
7.674947384220754593e-10
-1.445578561661805522e-09
-9.165531391131425786e-10
-8.516019637310804368e-10
2.687130740369814660e-09
7.657620471037388399e-11
