-3.469139226610976068e-02
-1.784554302327300279e-01
-5.008267217523277443e-02
-3.120417181044966015e-01
-5.305334859675110010e-02
-4.083717401785385004e-01
-2.266982215431366798e-01
-4.395704690557695749e-01
-2.151387582597643067e-01
-9.656231814092963717e-02
-4.052181761159774631e-02
-5.246675888308524049e-01
-2.689671681185426544e-01
-8.943126325911360253e-02
-5.852101626724336425e-01
-3.603451294863144749e-01
-1.198896768284184317e-01
3.791539597550086516e-02
-9.965924413305247975e-02
-2.434042205632094228e-03
-1.192594793105082734e-01
-5.884491106822092865e-01
-2.739371882440495010e-01
-2.998284279340318048e-01
-9.217525614910428156e-02
-9.114854436506301949e-02
-3.090028434325841136e-02
-8.850084396144046739e-01
-4.814475550151403049e-01
-3.720653979394130673e-01
-1.140142672645856198e-01
-1.538349614473824845e-01
3.732220433839954221e-02
-1.236599811012292355e-01
4.905727586498821735e-02
-1.211949103512510173e-01
-1.460897258700627754e-01
-5.537696436359003105e-01
-5.029511407330424788e-01
-7.222526556767069339e-01
-2.176760515713371258e-01
-4.072613316575534603e-01
-3.266571608833652995e-02
-1.450182570373683144e-01
3.975605622365495362e-02
-5.268834646644247194e-02
-1.090011378541287934e+00
-1.019165852429393837e+00
-6.252188911297370533e-01
-3.438372237506372442e-01
-9.238155825008310951e-02
-1.491011848009833329e-01
-1.559855819167570434e-01
9.238344758719879701e-02
-2.985326670491833881e-03
1.730255493425893742e-01
-8.627132694745815594e-03
-1.326847003611101583e-01
-1.421651165638185554e-01
-1.603970440330225455e-01
-4.934705932929519534e-01
-5.662499674244140246e-01
-1.029500396516778160e+00
-3.692978830000511609e-02
-1.669050950074712769e-01
-1.649128899775281210e-01
1.408416573238147618e-01
3.306600648160751277e-02
9.763087073114128100e-02
-5.627835462760544943e-02
-1.217394042537623289e+00
-1.170125982360612715e+00
-1.021332948063375268e+00
-1.034348645221883967e+00
-7.528718494968891228e-01
-2.670976357208897922e-01
-2.727853166655345163e-01
-1.291901773146964527e-01
-1.383542678626450972e-01
-1.514161848811879651e-01
1.615162016541985823e-01
1.390934225113096001e-01
3.515285970826312889e-01
-5.041171376793404657e-02
-1.541662042273694577e-01
-1.727273563611468332e-01
-1.090943696064296864e+00
-7.112561807405411163e-02
-1.146890863468651503e-02
-2.975302554743007588e-02
-2.879942244363365572e-02
-2.029254325453112573e-01
-1.937621550626794364e-01
2.729619876539445822e-01
1.535051488413659848e-01
1.961028427431023013e-01
1.895721225752179384e-01
-5.802835575444853511e-02
-1.287550029242690686e+00
-1.186298638910424419e+00
-1.156455191438921837e+00
-1.004897448322626063e+00
-1.030650846005703336e+00
-1.804349067669617501e-01
-1.786642728324772111e-01
-2.849556168637411568e-01
-1.484116686345649805e-01
2.499591581662685413e-01
1.528360923048928399e-01
6.794780247547116403e-02
3.686808534450106700e-01
3.258500805564239489e-01
3.473808891851668523e-01
4.317847214778314235e-01
-1.791474005020951832e-01
-1.068681857485944686e+00
-1.076353172915365669e-01
-7.132404278861112328e-03
1.852060530176303788e-01
-6.023574151001834590e-03
-1.872532023864004747e-01
-2.066954411442741557e-01
-2.164858482981261989e-01
-2.065821200519054879e-01
-2.064275110226305721e-01
4.207152907613723181e-01
2.599454624631134525e-01
2.211072280901768550e-01
1.905324684159384885e-01
2.279351635481353389e-01
-1.305411976640233895e+00
-1.286277482681237538e+00
-1.247206650844148390e+00
-1.142937920501608806e+00
-1.175016257276040976e+00
-1.171360023437245879e+00
-1.312986822839436352e+00
-1.080530285831808879e+00
-5.322506903396102829e-02
-2.790506541893887360e-01
-2.155199538147550137e-02
-1.675922133045924245e-01
-7.366259359370384840e-02
3.223078075572921586e-02
1.636830372223580660e-02
3.549604227797993894e-01
3.237335484098026739e-01
2.881372043656828530e-01
4.504734079815841952e-01
5.202199453172738908e-01
1.525351839810779910e-02
-7.039966612191272434e-03
1.819017954312930341e-01
1.251795281725025244e-01
1.004588846280033039e-02
-2.257559812377739894e-01
5.991647217355852151e-01
3.478740461868177203e-01
2.634310181420623787e-01
2.894373417116976599e-01
2.593989878458951015e-01
-1.311958906416693882e+00
-1.119538039162189635e+00
-1.357275663477079730e+00
-1.160414340043857795e+00
-1.302454752748968048e+00
-1.227694496410851377e+00
-1.190191136667831939e+00
-1.267320966820422390e+00
-1.394767953330749322e+00
-1.050117224184379250e+00
-5.903118714152435706e-03
-3.021175292582698457e-01
-4.751763169185498348e-01
2.650047179064532726e-03
-1.716315927186278789e-01
-1.936092529183038868e-01
-4.458818724354243757e-02
5.557849930666001331e-02
1.011207564236740047e-02
3.481003687535175195e-01
3.925117270121327162e-01
2.827880145314315419e-01
5.832571487631211804e-01
6.830485081822585958e-01
5.185599446386914835e-01
4.791987816848503751e-02
8.412289042573110887e-02
3.092639336470652534e-02
-2.304459985689563950e-01
6.783808716995274324e-01
6.991718552074461801e-01
3.568221611822243178e-01
3.235460979000959192e-01
2.719666705576246901e-01
3.239818162238622401e-01
-1.374215022225376392e+00
-9.857229848682592666e-01
-1.338702690203824153e+00
-1.145253036641885824e+00
-1.234555104146205284e+00
-1.409178452034587359e+00
-1.411808778038915690e+00
1.829560943254824462e-02
1.266036657981281510e-01
-3.053223643138399668e-01
4.446041124226391555e-02
5.817055680150715058e-03
-1.637908807440724979e-01
-1.781816397234855243e-01
-1.976692643333389787e-01
-5.213825901500799415e-02
1.396270703394439094e-01
3.362455123219297848e-01
2.818988500187707413e-01
6.185344654111387674e-01
6.922301182062127189e-01
7.014622485634408600e-01
7.832606111835751506e-01
3.761716500262914376e-01
3.026790346686042410e-01
2.853626201432460929e-01
-8.024952736155495092e-01
-1.356543636890219062e+00
6.529274250211430930e-02
1.864487813296150098e-01
1.094886008248183301e-01
-2.638143673147684831e-01
-2.312212789205083940e-01
-4.031826833534926657e-01
5.213219889754287101e-02
-1.653468764440484962e-01
-1.496337810202357788e-01
2.093395837651879920e-01
1.518852704148258015e-01
2.231968110331130628e-01
2.875297152842969939e-01
7.630904397892349644e-01
6.969974056404694140e-01
8.329555761211765441e-01
4.250885135968356376e-01
-6.087614517020096816e-01
8.239812644284570664e-02
1.041464993689967672e-01
-2.032312353532187699e-01
-2.268173432171375625e-01
-2.321219107680087546e-01
-5.151003743597851736e-01
1.042844233937370302e-01
-1.954007686953676548e-01
-1.308366534902594969e-01
-1.297658471787979384e-01
3.223338311964594194e-01
1.759454845976678450e-01
2.517463844342687218e-01
6.673151000384279774e-01
8.248761581076797800e-01
9.235865925987152281e-01
5.451688347898924203e-01
-2.180820814418641951e-01
1.653715093216574783e-01
-8.646872517808690262e-02
-1.128584150301963351e-01
7.369426855669070076e-01
6.243510986253194561e-01
8.100682789450902588e-01
8.667995945679926040e-01
8.207561464002348650e-01
1.004903172691657076e+00
5.842495668165600398e-01
-5.761135900559906722e-03
8.208624923524884265e-01
7.151927226500963686e-01
8.279298810540222098e-01
8.346722782931809137e-01
9.117659033595846285e-01
1.005406958590191246e+00
9.766147754596958830e-01
9.954774141262126008e-01
9.906917768692451443e-01
8.459600186528167809e-01
8.831907297217637121e-01
8.442451663105078330e-01
7.123327187626614654e-01
8.669794156076432445e-01
8.311022706957266193e-01
1.011100775142408814e+00
9.677646593339055414e-01
1.033074806102711296e+00
9.012663392732690459e-01
8.416527864092392397e-01
8.370251036100708752e-01
7.097284359313946744e-01
7.112727184830895943e-01
8.587993248964986837e-01
1.006090754452384939e+00
1.035264726153491299e+00
9.633946451599696426e-01
1.129090118178203817e+00
8.992147544269516457e-01
8.458855799301058243e-01
8.976263315795818265e-01
8.332350945242593676e-01
8.550693165268031803e-01
1.153776518588831568e+00
1.151037784784406881e+00
1.138167577065084535e+00
1.200257706948054448e+00
1.150066510308489498e+00
1.143153590078800574e+00
1.149968295785094963e+00
1.140992386208425913e+00
1.163025066592217271e+00
