	0.0054123
	0.004812
	0.005932
	0.0043977
	0.0060767
	0.0069935
	0.0044597
	0.0066916
	0.0079638
	0.0096302
	0.011532
	0.01556
	0.0030713
	0.0034394
	0.0066282
	0.0058098
	0.0096864
	0.010911
	0.0099096
	0.0063929
	0.0038441
	0.024062
	0.0023709
	0.0027179
	0.0044898
	0.002814
	0.003044
	0.027045
	0.005314
	0.0055948
	0.009977
	0.0032288
	0.0073174
	0.0086486
	0.0069376
	0.0024325
	0.0028829
	0.0062608
	0.0048475
	0.025782
	0.0028352
	0.0035724
	0.0041169
	0.0052729
	0.004351
	0.0010147
	0.026509
	0.0090149
	0.0076235
	0.0050048
	0.0089648
	0.0033257
	0.0032086
	0.0072681
	0.0072975
	0.0095415
	0.0075806
	0.0027778
	0.0029097
	0.0028499
	0.012338
	0.0059598
	0.008594
	0.0051748
	0.0059332
	0.0058803
	0.0070628
	0.0031924
	0.004518
	0.00088037
	0.027189
	0.0088363
	0.0083527
	0.0090131
	0.02641
	0.0047243
	0.0051675
	0.0083927
	0.0029883
	0.0027795
	0.005047
	0.010786
	0.0051523
	0.010057
	0.0027559
	0.0028239
	0.0086875
	0.0087839
	0.0056808
	0.005758
	0.006535
	0.0019777
	0.0019601
	0.0073899
	0.00727
	0.0023543
	0.001506
	0.00083686
	0.02555
	0.0091451
	0.008754
	0.0081409
	0.0088035
	0.0055594
	0.0055376
	0.0058117
	0.0075909
	0.0042706
	0.0041464
	0.010427
	0.0035952
	0.0065203
	0.0046766
	0.0038891
	0.0030633
	0.0088515
	0.0074588
	0.0086633
	0.0018936
	0.0093994
	0.0024863
	0.0017988
	0.0020491
	0.0017965
	0.001604
	0.0053387
	0.0024233
	0.0023324
	0.0022035
	0.0012955
	0.024951
	0.025457
	0.0090989
	0.0090836
	0.008861
	0.0088909
	0.024423
	0.0085484
	0.0020592
	0.0059922
	0.010067
	0.0039671
	0.0025303
	0.0099374
	0.0034755
	0.003274
	0.0096245
	0.0021734
	0.00073511
	0.0011648
	0.0085596
	0.0068405
	0.0012684
	0.002004
	0.0031331
	0.0021871
	0.00070287
	0.0017796
	0.0024133
	0.0024123
	0.0014517
	0.024431
	0.0083169
	0.025785
	0.0055232
	0.0090644
	0.0087959
	0.0089887
	0.023488
	0.023987
	0.0082922
	0.0055293
	0.0094824
	0.024876
	0.0087984
	0.0025432
	0.0013224
	0.0032821
	0.0096877
	0.0029564
	0.0032776
	0.0032082
	0.0021293
	0.0005
	0.001094
	0.0007938
	0.0022802
	0.0023153
	0.003
	0.0022411
	0.0028995
	0.0005
	0.0011614
	0.001652
	0.0023214
	0.0022998
	0.026388
	0.0040129
	0.008784
	0.0089427
	0.022796
	0.0068808
	0.0081376
	0.0068282
	0.0018431
	0.010043
	0.0081361
	0.0029328
	0.0022745
	0.0031297
	0.0019368
	0.0036061
	0.0094921
	0.0035984
	0.0031128
	0.0005
	0.0022634
	0.0032833
	0.0009665
	0.00069667
	0.001696
	0.0018708
	0.004928
	0.0085167
	0.0022761
	0.0017749
	0.0024377
	0.0090977
	0.0092945
	0.01338
	0.0027839
	0.0028694
	0.0027263
	0.0046346
	0.0056326
	0.003164
	0.0034796
	0.00075448
	0.0039484
	0.0010944
	0.00209
	0.0043469
	0.0022815
	0.0026164
	0.009297
	0.0091594
	0.007132
	0.0086724
	0.0027034
	0.0035199
	0.0047053
	0.0052694
	0.0025413
	0.0044552
	0.0034538
	0.0045009
	0.0013161
	0.0012977
	0.00167
	0.004125
	0.0023978
	0.0047194
	0.0045265
	0.0040771
	0.0013636
	0.0015003
	0.0014508
	0.0019664
	0.0017354
	0.0005
	0.0047157
	0.0046293
	0.001359
	0.0015035
	0.0019735
	0.0015659
	0.0024785
	0.0023348
	0.0022174
	0.0023495
	0.0037315
	0.0037688
	0.0015431
	0.00052163
	0.0020505
	0.0017061
	0.0025364
	0.0021381
	0.0026052
	0.0016391
	0.0040759
	0.0016388
	0.0005
	0.00050404
	0.0021239
	0.0023897
	0.0025629
	0.0020854
	0.0017314
	0.0005
	0.0049172
	0.0017395
	0.0018096
	0.0017826
	0.0018598
	0.0021182
	0.0010313
	0.0017423
	0.0017736
	0.00098545
	0.0014815
	0.0005
	0.00095356