	1	2	0.000352	0.003327	0	1700	0	0	0	0	1	-360	360;
	1	2	0.000352	0.003327	0	1700	0	0	0	0	1	-360	360;
	1	3	0.000296	0.002801	0	1700	0	0	0	0	1	-360	360;
	1	3	0.000296	0.002801	0	1700	0	0	0	0	1	-360	360;
	2	4	0.000211	0.001999	0	1700	0	0	0	0	1	-360	360;
	2	4	0.000211	0.001999	0	1700	0	0	0	0	1	-360	360;
	3	5	0.000368	0.003483	0	1700	0	0	0	0	1	-360	360;
	3	5	0.000368	0.003483	0	1700	0	0	0	0	1	-360	360;
	4	6	0.002254	0.02133	0	1700	0	0	0	0	1	-360	360;
	4	6	0.002254	0.02133	0	1700	0	0	0	0	1	-360	360;
	4	7	0.000216	0.002045	0	1700	0	0	0	0	1	-360	360;
	4	7	0.000216	0.002045	0	1700	0	0	0	0	1	-360	360;
	4	8	0.002258	0.021369	0	1700	0	0	0	0	1	-360	360;
	4	8	0.002258	0.021369	0	1700	0	0	0	0	1	-360	360;
	5	9	0.000767	0.007259	0	1700	0	0	0	0	1	-360	360;
	5	9	0.000767	0.007259	0	1700	0	0	0	0	1	-360	360;
	5	10	0.00095	0.008991	0	1700	0	0	0	0	1	-360	360;
	5	10	0.000949	0.008979	0	1700	0	0	0	0	1	-360	360;
	5	11	0.000642	0.006074	0	1700	0	0	0	0	1	-360	360;
	5	11	0.000642	0.006074	0	1700	0	0	0	0	1	-360	360;
	6	12	0.000673	0.006365	0	1700	0	0	0	0	1	-360	360;
	6	12	0.000673	0.006365	0	1700	0	0	0	0	1	-360	360;
	7	13	0.001106	0.010471	0	1700	0	0	0	0	1	-360	360;
	7	13	0.001106	0.010471	0	1700	0	0	0	0	1	-360	360;
	7	14	0.000584	0.005527	0	1700	0	0	0	0	1	-360	360;
	7	14	0.000584	0.005527	0	1700	0	0	0	0	1	-360	360;
	7	14	0.000602	0.005694	0	1700	0	0	0	0	1	-360	360;
	7	14	0.000602	0.005694	0	1700	0	0	0	0	1	-360	360;
	8	15	0.000737	0.006975	0	1700	0	0	0	0	1	-360	360;
	8	15	0.000737	0.006975	0	1700	0	0	0	0	1	-360	360;
	9	16	0.000998	0.009445	0	1700	0	0	0	0	1	-360	360;
	9	16	0.000998	0.009445	0	1700	0	0	0	0	1	-360	360;
	10	17	4e-05	0.000381	0	1700	0	0	0	0	1	-360	360;
	11	18	0.000354	0.003353	0	1700	0	0	0	0	1	-360	360;
	11	18	0.000354	0.003353	0	1700	0	0	0	0	1	-360	360;
	11	19	0.000313	0.002965	0	1700	0	0	0	0	1	-360	360;
	11	19	0.000313	0.002965	0	1700	0	0	0	0	1	-360	360;
	11	20	0.000901	0.008522	0	1700	0	0	0	0	1	-360	360;
	11	20	0.000901	0.008522	0	1700	0	0	0	0	1	-360	360;
	11	21	0.001385	0.038088	0	1000	0	0	0	0	1	-360	360;
	12	15	0.000321	0.003041	0	1700	0	0	0	0	1	-360	360;
	12	15	0.000321	0.003041	0	1700	0	0	0	0	1	-360	360;
	12	22	0.000454	0.004296	0	1700	0	0	0	0	1	-360	360;
	12	22	0.000454	0.004296	0	1700	0	0	0	0	1	-360	360;
	13	23	0.000202	0.001915	0	1700	0	0	0	0	1	-360	360;
	13	24	0.000325	0.003071	0	1700	0	0	0	0	1	-360	360;
	13	24	0.000325	0.003071	0	1700	0	0	0	0	1	-360	360;
	14	25	0.000327	0.003093	0	1700	0	0	0	0	1	-360	360;
	14	25	0.000327	0.003093	0	1700	0	0	0	0	1	-360	360;
	14	26	0.000662	0.006265	0	1700	0	0	0	0	1	-360	360;
	14	26	0.000662	0.006265	0	1700	0	0	0	0	1	-360	360;
	14	27	0.000445	0.004209	0	1700	0	0	0	0	1	-360	360;
	14	27	0.000445	0.004209	0	1700	0	0	0	0	1	-360	360;
	15	28	0.00056	0.005303	0	1700	0	0	0	0	1	-360	360;
	15	28	0.00056	0.005303	0	1700	0	0	0	0	1	-360	360;
	15	28	0.00056	0.005303	0	1700	0	0	0	0	1	-360	360;
	15	29	0.00063	0.005965	0	1700	0	0	0	0	1	-360	360;
	15	29	0.00063	0.005965	0	1700	0	0	0	0	1	-360	360;
	16	29	0.000309	0.002923	0	1700	0	0	0	0	1	-360	360;
	16	29	0.000309	0.002923	0	1700	0	0	0	0	1	-360	360;
	16	30	0.00018	0.001704	0	1700	0	0	0	0	1	-360	360;
	16	30	0.00018	0.001704	0	1700	0	0	0	0	1	-360	360;
	17	31	0.000397	0.003757	0	1700	0	0	0	0	1	-360	360;
	17	32	0.001385	0.038088	0	1000	0	0	0	0	1	-360	360;
	18	33	0.000694	0.006566	0	1700	0	0	0	0	1	-360	360;
	18	33	0.000694	0.006566	0	1700	0	0	0	0	1	-360	360;
	19	31	0.000227	0.002151	0	1700	0	0	0	0	1	-360	360;
	19	31	0.000227	0.002151	0	1700	0	0	0	0	1	-360	360;
	19	34	0.000315	0.002982	0	1700	0	0	0	0	1	-360	360;
	19	34	0.000315	0.002982	0	1700	0	0	0	0	1	-360	360;
	20	35	0.000407	0.003856	0	1700	0	0	0	0	1	-360	360;
	20	35	0.000407	0.003856	0	1700	0	0	0	0	1	-360	360;
	21	36	0.008903	0.050873	0	490	0	0	0	0	1	-360	360;
	21	37	0.003842	0.021952	0	490	0	0	0	0	1	-360	360;
	22	38	0.001322	0.012513	0	1700	0	0	0	0	1	-360	360;
	22	38	0.001322	0.012513	0	1700	0	0	0	0	1	-360	360;
	22	39	0.000868	0.008214	0	1700	0	0	0	0	1	-360	360;
	22	39	0.000868	0.008214	0	1700	0	0	0	0	1	-360	360;
	22	40	0.000418	0.003958	0	1700	0	0	0	0	1	-360	360;
	22	40	0.000418	0.003958	0	1700	0	0	0	0	1	-360	360;
	24	41	0.000202	0.001913	0	1700	0	0	0	0	1	-360	360;
	24	41	0.000202	0.001913	0	1700	0	0	0	0	1	-360	360;
	24	42	0.000498	0.004711	0	1700	0	0	0	0	1	-360	360;
	24	42	0.000498	0.004711	0	1700	0	0	0	0	1	-360	360;
	25	43	0.000232	0.002192	0	1700	0	0	0	0	1	-360	360;
	25	43	0.000232	0.002192	0	1700	0	0	0	0	1	-360	360;
	25	44	0.000357	0.003374	0	1700	0	0	0	0	1	-360	360;
	25	44	0.000357	0.003374	0	1700	0	0	0	0	1	-360	360;
	27	45	0.000501	0.004743	0	1700	0	0	0	0	1	-360	360;
	27	45	0.000501	0.004743	0	1700	0	0	0	0	1	-360	360;
	27	46	0.001385	0.038088	0	1000	0	0	0	0	1	-360	360;
	28	47	0.000353	0.003344	0	1700	0	0	0	0	1	-360	360;
	28	47	0.000353	0.003344	0	1700	0	0	0	0	1	-360	360;
	28	48	0.001385	0.038088	0	1000	0	0	0	0	1	-360	360;
	29	49	0.000519	0.004915	0	1700	0	0	0	0	1	-360	360;
	29	49	0.000519	0.004915	0	1700	0	0	0	0	1	-360	360;
	29	50	0.000524	0.004956	0	1700	0	0	0	0	1	-360	360;
	29	50	0.000524	0.004956	0	1700	0	0	0	0	1	-360	360;
	31	51	0.000679	0.006425	0	1700	0	0	0	0	1	-360	360;
	31	51	0.000679	0.006425	0	1700	0	0	0	0	1	-360	360;
	31	52	0.001385	0.038088	0	1000	0	0	0	0	1	-360	360;
	32	53	0.001987	0.011354	0	490	0	0	0	0	1	-360	360;
	32	53	0.001987	0.011354	0	490	0	0	0	0	1	-360	360;
	33	54	0.00037	0.003497	0	1700	0	0	0	0	1	-360	360;
	33	54	0.00037	0.003497	0	1700	0	0	0	0	1	-360	360;
	33	55	0.000175	0.001656	0	1700	0	0	0	0	1	-360	360;
	33	55	0.000175	0.001656	0	1700	0	0	0	0	1	-360	360;
	34	37	0.001385	0.038088	0	1000	0	0	0	0	1	-360	360;
	35	56	0.000381	0.00361	0	1700	0	0	0	0	1	-360	360;
	35	56	0.000381	0.00361	0	1700	0	0	0	0	1	-360	360;
	35	57	0.00016	0.001516	0	1700	0	0	0	0	1	-360	360;
	35	57	0.00016	0.001516	0	1700	0	0	0	0	1	-360	360;
	36	55	0.001385	0.038088	0	1000	0	0	0	0	1	-360	360;
	36	58	0.003348	0.019133	0	490	0	0	0	0	1	-360	360;
	36	58	0.003348	0.019133	0	490	0	0	0	0	1	-360	360;
	36	59	0.002485	0.014202	0	490	0	0	0	0	1	-360	360;
	37	60	0.002074	0.011854	0	490	0	0	0	0	1	-360	360;
	38	61	0.001246	0.011789	0	1700	0	0	0	0	1	-360	360;
	38	61	0.001246	0.011789	0	1700	0	0	0	0	1	-360	360;
	38	62	0.00096	0.00909	0	1700	0	0	0	0	1	-360	360;
	38	62	0.00096	0.00909	0	1700	0	0	0	0	1	-360	360;
	38	62	0.000824	0.007802	0	1700	0	0	0	0	1	-360	360;
	38	62	0.000824	0.007802	0	1700	0	0	0	0	1	-360	360;
	39	42	0.000931	0.008807	0	1700	0	0	0	0	1	-360	360;
	39	42	0.000931	0.008807	0	1700	0	0	0	0	1	-360	360;
	40	63	0.001385	0.038088	0	1000	0	0	0	0	1	-360	360;
	42	61	0.001414	0.013385	0	1700	0	0	0	0	1	-360	360;
	42	61	0.001414	0.013385	0	1700	0	0	0	0	1	-360	360;
	43	45	0.000364	0.003441	0	1700	0	0	0	0	1	-360	360;
	43	45	0.000364	0.003441	0	1700	0	0	0	0	1	-360	360;
	43	64	0.000239	0.002265	0	1700	0	0	0	0	1	-360	360;
	43	64	0.000239	0.002265	0	1700	0	0	0	0	1	-360	360;
	44	65	0.000724	0.006849	0	1700	0	0	0	0	1	-360	360;
	44	65	0.000724	0.006849	0	1700	0	0	0	0	1	-360	360;
	44	66	0.000454	0.004294	0	1700	0	0	0	0	1	-360	360;
	45	67	0.001932	0.018289	0	1700	0	0	0	0	1	-360	360;
	45	67	0.001932	0.018289	0	1700	0	0	0	0	1	-360	360;
	45	68	0.000306	0.002894	0	1700	0	0	0	0	1	-360	360;
	45	68	0.000306	0.002894	0	1700	0	0	0	0	1	-360	360;
	45	69	0.001563	0.014796	0	1700	0	0	0	0	1	-360	360;
	45	69	0.001563	0.014796	0	1700	0	0	0	0	1	-360	360;
	46	70	0.001138	0.006503	0	490	0	0	0	0	1	-360	360;
	46	70	0.001138	0.006503	0	490	0	0	0	0	1	-360	360;
	47	71	0.000218	0.002064	0	1700	0	0	0	0	1	-360	360;
	47	71	0.000218	0.002064	0	1700	0	0	0	0	1	-360	360;
	47	72	0.001385	0.038088	0	1000	0	0	0	0	1	-360	360;
	48	73	0.007188	0.041073	0	490	0	0	0	0	1	-360	360;
	48	73	0.007188	0.041073	0	490	0	0	0	0	1	-360	360;
	48	74	0.001336	0.007631	0	490	0	0	0	0	1	-360	360;
	48	74	0.001336	0.007631	0	490	0	0	0	0	1	-360	360;
	49	75	0.000348	0.003298	0	1700	0	0	0	0	1	-360	360;
	49	75	0.000348	0.003298	0	1700	0	0	0	0	1	-360	360;
	50	76	0.001467	0.013887	0	1700	0	0	0	0	1	-360	360;
	50	76	0.001467	0.013887	0	1700	0	0	0	0	1	-360	360;
	50	77	0.000102	0.000966	0	1700	0	0	0	0	1	-360	360;
	50	77	0.000102	0.000966	0	1700	0	0	0	0	1	-360	360;
	51	55	0.000699	0.006618	0	1700	0	0	0	0	1	-360	360;
	51	55	0.000699	0.006618	0	1700	0	0	0	0	1	-360	360;
	51	78	0.001455	0.013768	0	1700	0	0	0	0	1	-360	360;
	51	78	0.001455	0.013768	0	1700	0	0	0	0	1	-360	360;
	51	79	0.001385	0.038088	0	1000	0	0	0	0	1	-360	360;
	52	80	0.001808	0.010334	0	490	0	0	0	0	1	-360	360;
	53	80	0.001629	0.009306	0	490	0	0	0	0	1	-360	360;
	53	80	0.001629	0.009306	0	490	0	0	0	0	1	-360	360;
	54	55	0.000438	0.004145	0	1700	0	0	0	0	1	-360	360;
	54	55	0.000438	0.004145	0	1700	0	0	0	0	1	-360	360;
	54	81	0.000173	0.001635	0	1700	0	0	0	0	1	-360	360;
	54	81	0.000173	0.001635	0	1700	0	0	0	0	1	-360	360;
	56	82	0.000178	0.001682	0	1700	0	0	0	0	1	-360	360;
	56	82	0.000178	0.001682	0	1700	0	0	0	0	1	-360	360;
	56	83	0.001065	0.010081	0	1700	0	0	0	0	1	-360	360;
	56	83	0.001065	0.010081	0	1700	0	0	0	0	1	-360	360;
	57	84	0.000529	0.005008	0	1700	0	0	0	0	1	-360	360;
	57	84	0.000529	0.005008	0	1700	0	0	0	0	1	-360	360;
	58	79	0.002248	0.012845	0	490	0	0	0	0	1	-360	360;
	58	79	0.002248	0.012845	0	490	0	0	0	0	1	-360	360;
	59	79	0.002005	0.011457	0	490	0	0	0	0	1	-360	360;
	59	85	0.000628	0.003585	0	490	0	0	0	0	1	-360	360;
	60	85	0.000888	0.005076	0	490	0	0	0	0	1	-360	360;
	60	86	0.001459	0.008339	0	490	0	0	0	0	1	-360	360;
	63	87	0.000791	0.004518	0	490	0	0	0	0	1	-360	360;
	64	88	0.00104	0.009839	0	1700	0	0	0	0	1	-360	360;
	64	88	0.00104	0.009839	0	1700	0	0	0	0	1	-360	360;
	64	89	0.000444	0.004204	0	1700	0	0	0	0	1	-360	360;
	64	89	0.000444	0.004204	0	1700	0	0	0	0	1	-360	360;
	64	90	0.000353	0.003343	0	1700	0	0	0	0	1	-360	360;
	64	91	0.0006	0.005675	0	1700	0	0	0	0	1	-360	360;
	65	92	0.001385	0.038088	0	1000	0	0	0	0	1	-360	360;
	66	93	0.001385	0.038088	0	1000	0	0	0	0	1	-360	360;
	67	69	0.000438	0.004143	0	1700	0	0	0	0	1	-360	360;
	67	94	0.000271	0.002566	0	1700	0	0	0	0	1	-360	360;
	67	94	0.000271	0.002566	0	1700	0	0	0	0	1	-360	360;
	67	95	0.000371	0.003514	0	1700	0	0	0	0	1	-360	360;
	67	96	0.001385	0.038088	0	1000	0	0	0	0	1	-360	360;
	69	97	0.001385	0.038088	0	1000	0	0	0	0	1	-360	360;
	70	98	0.001417	0.008098	0	490	0	0	0	0	1	-360	360;
	70	98	0.001417	0.008098	0	490	0	0	0	0	1	-360	360;
	71	99	0.00051	0.004822	0	1700	0	0	0	0	1	-360	360;
	71	99	0.00051	0.004822	0	1700	0	0	0	0	1	-360	360;
	72	100	0.001325	0.007569	0	490	0	0	0	0	1	-360	360;
	72	100	0.001325	0.007569	0	490	0	0	0	0	1	-360	360;
	72	101	0.00203	0.011599	0	490	0	0	0	0	1	-360	360;
	72	101	0.00203	0.011599	0	490	0	0	0	0	1	-360	360;
	73	102	0.001983	0.011334	0	490	0	0	0	0	1	-360	360;
	73	102	0.001983	0.011334	0	490	0	0	0	0	1	-360	360;
	74	103	0.001813	0.010359	0	490	0	0	0	0	1	-360	360;
	74	103	0.001813	0.010359	0	490	0	0	0	0	1	-360	360;
	75	103	0.001385	0.038088	0	1000	0	0	0	0	1	-360	360;
	76	104	0.00114	0.010793	0	1700	0	0	0	0	1	-360	360;
	76	104	0.00114	0.010793	0	1700	0	0	0	0	1	-360	360;
	77	105	0.00022	0.002086	0	1700	0	0	0	0	1	-360	360;
	77	105	0.00022	0.002086	0	1700	0	0	0	0	1	-360	360;
	77	106	0.000225	0.00213	0	1700	0	0	0	0	1	-360	360;
	78	107	0.000324	0.003064	0	1700	0	0	0	0	1	-360	360;
	78	107	0.000324	0.003064	0	1700	0	0	0	0	1	-360	360;
	79	80	0.002805	0.016028	0	490	0	0	0	0	1	-360	360;
	81	108	0.000855	0.008093	0	1700	0	0	0	0	1	-360	360;
	81	108	0.000855	0.008093	0	1700	0	0	0	0	1	-360	360;
	81	109	0.000148	0.001398	0	1700	0	0	0	0	1	-360	360;
	82	110	0.000232	0.002192	0	1700	0	0	0	0	1	-360	360;
	82	110	0.000232	0.002192	0	1700	0	0	0	0	1	-360	360;
	82	111	0.001385	0.038088	0	1000	0	0	0	0	1	-360	360;
	83	112	0.000272	0.002574	0	1700	0	0	0	0	1	-360	360;
	83	112	0.000272	0.002574	0	1700	0	0	0	0	1	-360	360;
	83	113	0.000228	0.002153	0	1700	0	0	0	0	1	-360	360;
	83	113	0.000228	0.002153	0	1700	0	0	0	0	1	-360	360;
	83	114	0.000605	0.005726	0	1700	0	0	0	0	1	-360	360;
	83	114	0.000605	0.005726	0	1700	0	0	0	0	1	-360	360;
	84	88	0.000423	0.004004	0	1700	0	0	0	0	1	-360	360;
	84	88	0.000423	0.004004	0	1700	0	0	0	0	1	-360	360;
	86	115	0.001362	0.007785	0	490	0	0	0	0	1	-360	360;
	87	101	0.000555	0.00317	0	490	0	0	0	0	1	-360	360;
	87	116	0.001677	0.009584	0	490	0	0	0	0	1	-360	360;
	87	116	0.001677	0.009584	0	490	0	0	0	0	1	-360	360;
	88	117	0.000299	0.002834	0	1700	0	0	0	0	1	-360	360;
	88	117	0.000299	0.002834	0	1700	0	0	0	0	1	-360	360;
	89	90	0.000211	0.002	0	1700	0	0	0	0	1	-360	360;
	89	90	0.000211	0.002	0	1700	0	0	0	0	1	-360	360;
	89	118	0.000773	0.007317	0	1700	0	0	0	0	1	-360	360;
	89	119	0.001385	0.038088	0	1000	0	0	0	0	1	-360	360;
	90	91	0.00024	0.00227	0	1700	0	0	0	0	1	-360	360;
	91	120	0.000948	0.008969	0	1700	0	0	0	0	1	-360	360;
	92	121	0.001979	0.011309	0	490	0	0	0	0	1	-360	360;
	92	121	0.001979	0.011309	0	490	0	0	0	0	1	-360	360;
	92	122	0.000804	0.004591	0	490	0	0	0	0	1	-360	360;
	92	122	0.000804	0.004591	0	490	0	0	0	0	1	-360	360;
	92	123	0.001415	0.008086	0	490	0	0	0	0	1	-360	360;
	92	123	0.001415	0.008086	0	490	0	0	0	0	1	-360	360;
	92	123	0.001366	0.007803	0	490	0	0	0	0	1	-360	360;
	92	123	0.001366	0.007803	0	490	0	0	0	0	1	-360	360;
	92	124	0.001979	0.011309	0	490	0	0	0	0	1	-360	360;
	92	124	0.001979	0.011309	0	490	0	0	0	0	1	-360	360;
	93	125	0.0064	0.036569	0	490	0	0	0	0	1	-360	360;
	94	126	0.000622	0.005883	0	1700	0	0	0	0	1	-360	360;
	94	126	0.000622	0.005883	0	1700	0	0	0	0	1	-360	360;
	95	127	0.001385	0.038088	0	1000	0	0	0	0	1	-360	360;
	96	128	0.001389	0.007938	0	490	0	0	0	0	1	-360	360;
	96	128	0.001389	0.007938	0	490	0	0	0	0	1	-360	360;
	96	129	0.001198	0.006847	0	490	0	0	0	0	1	-360	360;
	96	129	0.001198	0.006847	0	490	0	0	0	0	1	-360	360;
	97	129	0.002436	0.013918	0	490	0	0	0	0	1	-360	360;
	97	129	0.002436	0.013918	0	490	0	0	0	0	1	-360	360;
	97	129	0.002421	0.013832	0	490	0	0	0	0	1	-360	360;
	97	129	0.002421	0.013832	0	490	0	0	0	0	1	-360	360;
	97	130	0.002553	0.014586	0	490	0	0	0	0	1	-360	360;
	99	131	0.000133	0.001256	0	1700	0	0	0	0	1	-360	360;
	99	131	0.000133	0.001256	0	1700	0	0	0	0	1	-360	360;
	99	132	0.000223	0.002105	0	1700	0	0	0	0	1	-360	360;
	99	132	0.000223	0.002105	0	1700	0	0	0	0	1	-360	360;
	100	133	0.001945	0.011114	0	490	0	0	0	0	1	-360	360;
	100	134	0.001341	0.007664	0	490	0	0	0	0	1	-360	360;
	100	134	0.001341	0.007664	0	490	0	0	0	0	1	-360	360;
	101	135	0.001194	0.006822	0	490	0	0	0	0	1	-360	360;
	101	136	0.001216	0.006948	0	490	0	0	0	0	1	-360	360;
	102	137	0.001385	0.038088	0	1000	0	0	0	0	1	-360	360;
	103	138	0.001982	0.011327	0	490	0	0	0	0	1	-360	360;
	103	138	0.001982	0.011327	0	490	0	0	0	0	1	-360	360;
	104	139	0.00273	0.02584	0	1700	0	0	0	0	1	-360	360;
	104	139	0.00273	0.02584	0	1700	0	0	0	0	1	-360	360;
	105	140	0.000579	0.005482	0	1700	0	0	0	0	1	-360	360;
	105	140	0.000579	0.005482	0	1700	0	0	0	0	1	-360	360;
	107	140	0.001306	0.012359	0	1700	0	0	0	0	1	-360	360;
	107	140	0.001306	0.012359	0	1700	0	0	0	0	1	-360	360;
	107	141	0.000794	0.007516	0	1700	0	0	0	0	1	-360	360;
	107	141	0.000794	0.007516	0	1700	0	0	0	0	1	-360	360;
	107	142	0.001866	0.017659	0	1700	0	0	0	0	1	-360	360;
	107	142	0.001866	0.017659	0	1700	0	0	0	0	1	-360	360;
	107	143	0.001385	0.038088	0	1000	0	0	0	0	1	-360	360;
	108	113	0.000245	0.002318	0	1700	0	0	0	0	1	-360	360;
	108	113	0.000245	0.002318	0	1700	0	0	0	0	1	-360	360;
	110	144	0.000145	0.001367	0	1700	0	0	0	0	1	-360	360;
	110	144	0.000145	0.001367	0	1700	0	0	0	0	1	-360	360;
	110	145	0.001385	0.038088	0	1000	0	0	0	0	1	-360	360;
	111	146	0.001133	0.006474	0	490	0	0	0	0	1	-360	360;
	112	147	0.000331	0.003137	0	1700	0	0	0	0	1	-360	360;
	112	147	0.000331	0.003137	0	1700	0	0	0	0	1	-360	360;
	112	148	0.001385	0.038088	0	1000	0	0	0	0	1	-360	360;
	113	149	0.001089	0.010308	0	1700	0	0	0	0	1	-360	360;
	113	149	0.001089	0.010308	0	1700	0	0	0	0	1	-360	360;
	114	150	0.000774	0.007324	0	1700	0	0	0	0	1	-360	360;
	114	150	0.000774	0.007324	0	1700	0	0	0	0	1	-360	360;
	117	121	0.001385	0.038088	0	1000	0	0	0	0	1	-360	360;
	118	151	0.00049	0.004635	0	1700	0	0	0	0	1	-360	360;
	118	151	0.00049	0.004635	0	1700	0	0	0	0	1	-360	360;
	118	152	0.000239	0.002264	0	1700	0	0	0	0	1	-360	360;
	118	152	0.000239	0.002264	0	1700	0	0	0	0	1	-360	360;
	119	153	0.004348	0.024844	0	490	0	0	0	0	1	-360	360;
	119	153	0.004348	0.024844	0	490	0	0	0	0	1	-360	360;
	119	154	0.00232	0.013259	0	490	0	0	0	0	1	-360	360;
	120	144	0.000185	0.00175	0	1700	0	0	0	0	1	-360	360;
	120	144	0.000185	0.00175	0	1700	0	0	0	0	1	-360	360;
	120	155	0.001385	0.038088	0	1000	0	0	0	0	1	-360	360;
	123	156	0.000398	0.002272	0	490	0	0	0	0	1	-360	360;
	123	156	0.000398	0.002272	0	490	0	0	0	0	1	-360	360;
	124	125	0.005238	0.029928	0	490	0	0	0	0	1	-360	360;
	124	125	0.005238	0.029928	0	490	0	0	0	0	1	-360	360;
	126	157	0.001666	0.015767	0	1700	0	0	0	0	1	-360	360;
	126	157	0.001666	0.015767	0	1700	0	0	0	0	1	-360	360;
	126	158	0.001385	0.038088	0	1000	0	0	0	0	1	-360	360;
	127	159	0.0011	0.006286	0	490	0	0	0	0	1	-360	360;
	127	159	0.0011	0.006286	0	490	0	0	0	0	1	-360	360;
	127	160	0.001358	0.007757	0	490	0	0	0	0	1	-360	360;
	127	160	0.001358	0.007757	0	490	0	0	0	0	1	-360	360;
	128	161	0.002241	0.012807	0	490	0	0	0	0	1	-360	360;
	130	161	0.001898	0.010846	0	490	0	0	0	0	1	-360	360;
	131	137	0.000237	0.002244	0	1700	0	0	0	0	1	-360	360;
	131	137	0.000237	0.002244	0	1700	0	0	0	0	1	-360	360;
	131	162	0.000151	0.001432	0	1700	0	0	0	0	1	-360	360;
	131	162	0.000151	0.001432	0	1700	0	0	0	0	1	-360	360;
	131	163	0.001385	0.038088	0	1000	0	0	0	0	1	-360	360;
	132	164	0.000216	0.002041	0	1700	0	0	0	0	1	-360	360;
	132	164	0.000216	0.002041	0	1700	0	0	0	0	1	-360	360;
	132	165	0.000934	0.008838	0	1700	0	0	0	0	1	-360	360;
	132	165	0.000934	0.008838	0	1700	0	0	0	0	1	-360	360;
	133	166	0.001695	0.009685	0	490	0	0	0	0	1	-360	360;
	133	166	0.001695	0.009685	0	490	0	0	0	0	1	-360	360;
	133	167	0.001817	0.010383	0	490	0	0	0	0	1	-360	360;
	133	167	0.001817	0.010383	0	490	0	0	0	0	1	-360	360;
	134	138	0.001658	0.009472	0	490	0	0	0	0	1	-360	360;
	134	138	0.001658	0.009472	0	490	0	0	0	0	1	-360	360;
	136	163	0.004021	0.022975	0	490	0	0	0	0	1	-360	360;
	136	168	0.001488	0.008502	0	490	0	0	0	0	1	-360	360;
	137	169	0.000312	0.002948	0	1700	0	0	0	0	1	-360	360;
	137	169	0.000312	0.002948	0	1700	0	0	0	0	1	-360	360;
	137	170	0.000336	0.003179	0	1700	0	0	0	0	1	-360	360;
	137	170	0.000336	0.003179	0	1700	0	0	0	0	1	-360	360;
	138	171	0.001879	0.010736	0	490	0	0	0	0	1	-360	360;
	138	171	0.001879	0.010736	0	490	0	0	0	0	1	-360	360;
	139	172	0.001523	0.014418	0	1700	0	0	0	0	1	-360	360;
	139	172	0.001523	0.014418	0	1700	0	0	0	0	1	-360	360;
	140	173	0.000519	0.004911	0	1700	0	0	0	0	1	-360	360;
	140	173	0.000519	0.004911	0	1700	0	0	0	0	1	-360	360;
	140	174	0.000594	0.005618	0	1700	0	0	0	0	1	-360	360;
	140	174	0.000594	0.005618	0	1700	0	0	0	0	1	-360	360;
	141	175	0.00035	0.00331	0	1700	0	0	0	0	1	-360	360;
	141	175	0.00035	0.00331	0	1700	0	0	0	0	1	-360	360;
	142	176	0.000354	0.003345	0	1700	0	0	0	0	1	-360	360;
	142	176	0.000354	0.003345	0	1700	0	0	0	0	1	-360	360;
	142	177	0.001385	0.038088	0	1000	0	0	0	0	1	-360	360;
	143	178	0.004085	0.023343	0	490	0	0	0	0	1	-360	360;
	143	178	0.004085	0.023343	0	490	0	0	0	0	1	-360	360;
	144	179	0.000312	0.002952	0	1700	0	0	0	0	1	-360	360;
	144	179	0.000312	0.002952	0	1700	0	0	0	0	1	-360	360;
	145	180	0.00104	0.005941	0	490	0	0	0	0	1	-360	360;
	146	181	0.001243	0.007101	0	490	0	0	0	0	1	-360	360;
	147	182	0.001385	0.038088	0	1000	0	0	0	0	1	-360	360;
	148	183	0.001973	0.011273	0	490	0	0	0	0	1	-360	360;
	148	183	0.001973	0.011273	0	490	0	0	0	0	1	-360	360;
	149	150	0.000783	0.007412	0	1700	0	0	0	0	1	-360	360;
	149	184	0.001385	0.038088	0	1000	0	0	0	0	1	-360	360;
	150	185	0.000234	0.002216	0	1700	0	0	0	0	1	-360	360;
	150	185	0.000234	0.002216	0	1700	0	0	0	0	1	-360	360;
	150	186	0.000661	0.006257	0	1700	0	0	0	0	1	-360	360;
	150	186	0.000661	0.006257	0	1700	0	0	0	0	1	-360	360;
	151	179	0.000258	0.002442	0	1700	0	0	0	0	1	-360	360;
	151	179	0.000258	0.002442	0	1700	0	0	0	0	1	-360	360;
	152	187	0.001385	0.038088	0	1000	0	0	0	0	1	-360	360;
	154	188	0.001409	0.00805	0	490	0	0	0	0	1	-360	360;
	155	180	0.001306	0.007465	0	490	0	0	0	0	1	-360	360;
	155	189	0.003411	0.01949	0	490	0	0	0	0	1	-360	360;
	156	190	0.00076	0.004342	0	490	0	0	0	0	1	-360	360;
	156	190	0.00076	0.004342	0	490	0	0	0	0	1	-360	360;
	157	191	0.000688	0.006512	0	1700	0	0	0	0	1	-360	360;
	157	191	0.000688	0.006512	0	1700	0	0	0	0	1	-360	360;
	157	192	0.000463	0.004382	0	1700	0	0	0	0	1	-360	360;
	157	192	0.000463	0.004382	0	1700	0	0	0	0	1	-360	360;
	158	193	0.003498	0.01999	0	490	0	0	0	0	1	-360	360;
	158	193	0.003498	0.01999	0	490	0	0	0	0	1	-360	360;
	158	194	0.003356	0.019174	0	490	0	0	0	0	1	-360	360;
	158	194	0.003356	0.019174	0	490	0	0	0	0	1	-360	360;
	158	194	0.005711	0.032633	0	490	0	0	0	0	1	-360	360;
	158	194	0.005711	0.032633	0	490	0	0	0	0	1	-360	360;
	159	195	0.001124	0.006422	0	490	0	0	0	0	1	-360	360;
	159	195	0.001124	0.006422	0	490	0	0	0	0	1	-360	360;
	160	196	0.001231	0.007036	0	490	0	0	0	0	1	-360	360;
	161	196	0.001824	0.01042	0	490	0	0	0	0	1	-360	360;
	162	169	0.000287	0.002715	0	1700	0	0	0	0	1	-360	360;
	162	169	0.000287	0.002715	0	1700	0	0	0	0	1	-360	360;
	164	197	0.000285	0.002694	0	1700	0	0	0	0	1	-360	360;
	165	169	0.000502	0.004754	0	1700	0	0	0	0	1	-360	360;
	165	169	0.000502	0.004754	0	1700	0	0	0	0	1	-360	360;
	165	198	0.000358	0.003386	0	1700	0	0	0	0	1	-360	360;
	165	198	0.000358	0.003386	0	1700	0	0	0	0	1	-360	360;
	166	199	0.002007	0.011466	0	490	0	0	0	0	1	-360	360;
	166	199	0.002007	0.011466	0	490	0	0	0	0	1	-360	360;
	167	197	0.001385	0.038088	0	1000	0	0	0	0	1	-360	360;
	167	200	0.00189	0.010798	0	490	0	0	0	0	1	-360	360;
	169	201	7.5e-05	0.000707	0	1700	0	0	0	0	1	-360	360;
	169	201	7.5e-05	0.000707	0	1700	0	0	0	0	1	-360	360;
	170	202	0.000346	0.003279	0	1700	0	0	0	0	1	-360	360;
	170	202	0.000346	0.003279	0	1700	0	0	0	0	1	-360	360;
	170	203	0.000666	0.006302	0	1700	0	0	0	0	1	-360	360;
	170	203	0.000666	0.006302	0	1700	0	0	0	0	1	-360	360;
	171	174	0.001385	0.038088	0	1000	0	0	0	0	1	-360	360;
	171	200	0.002503	0.014303	0	490	0	0	0	0	1	-360	360;
	171	200	0.002503	0.014303	0	490	0	0	0	0	1	-360	360;
	172	204	0.000904	0.008556	0	1700	0	0	0	0	1	-360	360;
	172	204	0.000904	0.008556	0	1700	0	0	0	0	1	-360	360;
	172	205	0.001385	0.038088	0	1000	0	0	0	0	1	-360	360;
	173	206	0.00071	0.006723	0	1700	0	0	0	0	1	-360	360;
	173	206	0.00071	0.006723	0	1700	0	0	0	0	1	-360	360;
	175	207	0.00025	0.002361	0	1700	0	0	0	0	1	-360	360;
	175	207	0.00025	0.002361	0	1700	0	0	0	0	1	-360	360;
	175	208	0.001385	0.038088	0	1000	0	0	0	0	1	-360	360;
	176	209	0.000106	0.000999	0	1700	0	0	0	0	1	-360	360;
	176	209	0.000106	0.000999	0	1700	0	0	0	0	1	-360	360;
	176	210	0.000164	0.001551	0	1700	0	0	0	0	1	-360	360;
	177	211	0.002465	0.014083	0	490	0	0	0	0	1	-360	360;
	177	211	0.002465	0.014083	0	490	0	0	0	0	1	-360	360;
	178	208	0.004484	0.025623	0	490	0	0	0	0	1	-360	360;
	178	208	0.004484	0.025623	0	490	0	0	0	0	1	-360	360;
	178	212	0.001016	0.005805	0	490	0	0	0	0	1	-360	360;
	178	212	0.001016	0.005805	0	490	0	0	0	0	1	-360	360;
	179	213	0.000506	0.004791	0	1700	0	0	0	0	1	-360	360;
	179	213	0.000506	0.004791	0	1700	0	0	0	0	1	-360	360;
	182	214	0.002158	0.012331	0	490	0	0	0	0	1	-360	360;
	182	214	0.002158	0.012331	0	490	0	0	0	0	1	-360	360;
	183	215	0.001605	0.009169	0	490	0	0	0	0	1	-360	360;
	183	215	0.001605	0.009169	0	490	0	0	0	0	1	-360	360;
	184	216	0.002238	0.012789	0	490	0	0	0	0	1	-360	360;
	184	216	0.002238	0.012789	0	490	0	0	0	0	1	-360	360;
	187	188	0.001551	0.008861	0	490	0	0	0	0	1	-360	360;
	187	188	0.001551	0.008861	0	490	0	0	0	0	1	-360	360;
	187	189	0.003387	0.019354	0	490	0	0	0	0	1	-360	360;
	187	189	0.003387	0.019354	0	490	0	0	0	0	1	-360	360;
	191	192	0.000678	0.006416	0	1700	0	0	0	0	1	-360	360;
	191	192	0.000678	0.006416	0	1700	0	0	0	0	1	-360	360;
	191	217	0.000321	0.003035	0	1700	0	0	0	0	1	-360	360;
	191	218	0.000466	0.004405	0	1700	0	0	0	0	1	-360	360;
	191	219	0.001385	0.038088	0	1000	0	0	0	0	1	-360	360;
	193	220	0.005952	0.03401	0	490	0	0	0	0	1	-360	360;
	193	220	0.005952	0.03401	0	490	0	0	0	0	1	-360	360;
	194	221	0.000943	0.005386	0	490	0	0	0	0	1	-360	360;
	194	221	0.000943	0.005386	0	490	0	0	0	0	1	-360	360;
	195	222	0.001148	0.006557	0	490	0	0	0	0	1	-360	360;
	195	222	0.001148	0.006557	0	490	0	0	0	0	1	-360	360;
	198	223	0.000675	0.006392	0	1700	0	0	0	0	1	-360	360;
	198	223	0.000675	0.006392	0	1700	0	0	0	0	1	-360	360;
	199	224	0.000851	0.004865	0	490	0	0	0	0	1	-360	360;
	199	224	0.000851	0.004865	0	490	0	0	0	0	1	-360	360;
	204	207	0.000378	0.003574	0	1700	0	0	0	0	1	-360	360;
	204	207	0.000378	0.003574	0	1700	0	0	0	0	1	-360	360;
	204	225	0.001385	0.038088	0	1000	0	0	0	0	1	-360	360;
	205	226	0.002136	0.012206	0	490	0	0	0	0	1	-360	360;
	205	227	0.002866	0.016374	0	490	0	0	0	0	1	-360	360;
	206	228	0.000264	0.002502	0	1700	0	0	0	0	1	-360	360;
	206	228	0.000264	0.002502	0	1700	0	0	0	0	1	-360	360;
	206	229	0.000478	0.004525	0	1700	0	0	0	0	1	-360	360;
	206	229	0.000478	0.004525	0	1700	0	0	0	0	1	-360	360;
	206	230	0.001195	0.011312	0	1700	0	0	0	0	1	-360	360;
	206	230	0.001195	0.011312	0	1700	0	0	0	0	1	-360	360;
	208	231	0.003229	0.018451	0	490	0	0	0	0	1	-360	360;
	208	231	0.003229	0.018451	0	490	0	0	0	0	1	-360	360;
	209	232	0.000431	0.004083	0	1700	0	0	0	0	1	-360	360;
	209	232	0.000431	0.004083	0	1700	0	0	0	0	1	-360	360;
	209	233	0.001422	0.01346	0	1700	0	0	0	0	1	-360	360;
	209	233	0.001422	0.01346	0	1700	0	0	0	0	1	-360	360;
	213	234	0.000654	0.006188	0	1700	0	0	0	0	1	-360	360;
	213	234	0.000654	0.006188	0	1700	0	0	0	0	1	-360	360;
	213	235	0.000428	0.004047	0	1700	0	0	0	0	1	-360	360;
	213	235	0.000428	0.004047	0	1700	0	0	0	0	1	-360	360;
	213	236	0.001385	0.038088	0	1000	0	0	0	0	1	-360	360;
	214	237	0.001435	0.008201	0	490	0	0	0	0	1	-360	360;
	214	237	0.001435	0.008201	0	490	0	0	0	0	1	-360	360;
	215	237	0.001701	0.009718	0	490	0	0	0	0	1	-360	360;
	215	237	0.001701	0.009718	0	490	0	0	0	0	1	-360	360;
	217	238	0.001385	0.038088	0	1000	0	0	0	0	1	-360	360;
	218	239	0.000529	0.005006	0	1700	0	0	0	0	1	-360	360;
	218	240	0.001385	0.038088	0	1000	0	0	0	0	1	-360	360;
	219	238	0.002153	0.012303	0	490	0	0	0	0	1	-360	360;
	219	238	0.002153	0.012303	0	490	0	0	0	0	1	-360	360;
	219	240	0.003125	0.017857	0	490	0	0	0	0	1	-360	360;
	219	240	0.003125	0.017857	0	490	0	0	0	0	1	-360	360;
	220	241	0.001385	0.038088	0	1000	0	0	0	0	1	-360	360;
	221	222	0.001059	0.006054	0	490	0	0	0	0	1	-360	360;
	221	222	0.001059	0.006054	0	490	0	0	0	0	1	-360	360;
	223	242	0.000288	0.002729	0	1700	0	0	0	0	1	-360	360;
	223	242	0.000288	0.002729	0	1700	0	0	0	0	1	-360	360;
	225	243	0.001336	0.007636	0	490	0	0	0	0	1	-360	360;
	225	243	0.001336	0.007636	0	490	0	0	0	0	1	-360	360;
	227	244	0.001479	0.008451	0	490	0	0	0	0	1	-360	360;
	228	245	0.000187	0.001766	0	1700	0	0	0	0	1	-360	360;
	228	245	0.000187	0.001766	0	1700	0	0	0	0	1	-360	360;
	229	246	3.3e-05	0.00031	0	1700	0	0	0	0	1	-360	360;
	229	246	3.3e-05	0.00031	0	1700	0	0	0	0	1	-360	360;
	229	246	3.3e-05	0.000309	0	1700	0	0	0	0	1	-360	360;
	229	246	3.3e-05	0.000309	0	1700	0	0	0	0	1	-360	360;
	229	247	0.000804	0.007606	0	1700	0	0	0	0	1	-360	360;
	229	247	0.000804	0.007606	0	1700	0	0	0	0	1	-360	360;
	230	248	0.000915	0.008658	0	1700	0	0	0	0	1	-360	360;
	230	248	0.000915	0.008658	0	1700	0	0	0	0	1	-360	360;
	231	249	0.001285	0.007345	0	490	0	0	0	0	1	-360	360;
	232	250	0.000499	0.004718	0	1700	0	0	0	0	1	-360	360;
	232	250	0.000499	0.004718	0	1700	0	0	0	0	1	-360	360;
	232	251	0.000743	0.007032	0	1700	0	0	0	0	1	-360	360;
	232	251	0.000743	0.007032	0	1700	0	0	0	0	1	-360	360;
	233	252	0.001488	0.014079	0	1700	0	0	0	0	1	-360	360;
	233	252	0.001488	0.014079	0	1700	0	0	0	0	1	-360	360;
	234	253	0.000478	0.004527	0	1700	0	0	0	0	1	-360	360;
	234	253	0.000478	0.004527	0	1700	0	0	0	0	1	-360	360;
	234	254	0.000306	0.002895	0	1700	0	0	0	0	1	-360	360;
	235	254	0.000434	0.004105	0	1700	0	0	0	0	1	-360	360;
	235	254	0.000434	0.004105	0	1700	0	0	0	0	1	-360	360;
	236	255	0.002326	0.013289	0	490	0	0	0	0	1	-360	360;
	236	255	0.002326	0.013289	0	490	0	0	0	0	1	-360	360;
	237	255	0.001772	0.010125	0	490	0	0	0	0	1	-360	360;
	237	255	0.001772	0.010125	0	490	0	0	0	0	1	-360	360;
	239	256	0.000681	0.006447	0	1700	0	0	0	0	1	-360	360;
	239	257	0.001385	0.038088	0	1000	0	0	0	0	1	-360	360;
	240	257	0.003433	0.019618	0	490	0	0	0	0	1	-360	360;
	240	258	0.002599	0.014851	0	490	0	0	0	0	1	-360	360;
	240	258	0.002599	0.014851	0	490	0	0	0	0	1	-360	360;
	241	253	0.001498	0.014181	0	1700	0	0	0	0	1	-360	360;
	241	253	0.001498	0.014181	0	1700	0	0	0	0	1	-360	360;
	241	259	0.000414	0.003918	0	1700	0	0	0	0	1	-360	360;
	241	259	0.000414	0.003918	0	1700	0	0	0	0	1	-360	360;
	242	248	0.000776	0.007341	0	1700	0	0	0	0	1	-360	360;
	242	248	0.000776	0.007341	0	1700	0	0	0	0	1	-360	360;
	243	249	0.002013	0.011501	0	490	0	0	0	0	1	-360	360;
	243	249	0.002013	0.011501	0	490	0	0	0	0	1	-360	360;
	244	249	0.00311	0.017771	0	490	0	0	0	0	1	-360	360;
	244	249	0.00311	0.017771	0	490	0	0	0	0	1	-360	360;
	245	246	0.000348	0.003294	0	1700	0	0	0	0	1	-360	360;
	245	246	0.000348	0.003294	0	1700	0	0	0	0	1	-360	360;
	247	260	0.0009	0.008518	0	1700	0	0	0	0	1	-360	360;
	247	260	0.0009	0.008518	0	1700	0	0	0	0	1	-360	360;
	249	261	0.00218	0.012459	0	490	0	0	0	0	1	-360	360;
	250	260	0.000755	0.007149	0	1700	0	0	0	0	1	-360	360;
	250	260	0.000755	0.007149	0	1700	0	0	0	0	1	-360	360;
	251	262	0.000667	0.00631	0	1700	0	0	0	0	1	-360	360;
	251	262	0.000667	0.00631	0	1700	0	0	0	0	1	-360	360;
	252	263	0.000958	0.009065	0	1700	0	0	0	0	1	-360	360;
	252	263	0.000958	0.009065	0	1700	0	0	0	0	1	-360	360;
	256	259	0.001529	0.014467	0	1700	0	0	0	0	1	-360	360;
	256	264	0.000743	0.007029	0	1700	0	0	0	0	1	-360	360;
	256	264	0.000743	0.007029	0	1700	0	0	0	0	1	-360	360;
	256	265	0.000414	0.003914	0	1700	0	0	0	0	1	-360	360;
	256	266	0.001385	0.038088	0	1000	0	0	0	0	1	-360	360;
	257	266	0.004573	0.026132	0	490	0	0	0	0	1	-360	360;
	257	267	0.002515	0.014373	0	490	0	0	0	0	1	-360	360;
	257	267	0.002515	0.014373	0	490	0	0	0	0	1	-360	360;
	257	268	0.001324	0.007568	0	490	0	0	0	0	1	-360	360;
	257	268	0.001324	0.007568	0	490	0	0	0	0	1	-360	360;
	258	269	0.002615	0.014944	0	490	0	0	0	0	1	-360	360;
	258	269	0.002615	0.014944	0	490	0	0	0	0	1	-360	360;
	259	270	0.000674	0.006379	0	1700	0	0	0	0	1	-360	360;
	262	263	0.000334	0.003164	0	1700	0	0	0	0	1	-360	360;
	262	263	0.000334	0.003164	0	1700	0	0	0	0	1	-360	360;
	262	271	0.00019	0.001801	0	1700	0	0	0	0	1	-360	360;
	262	271	0.00019	0.001801	0	1700	0	0	0	0	1	-360	360;
	264	272	0.000501	0.004739	0	1700	0	0	0	0	1	-360	360;
	264	272	0.000501	0.004739	0	1700	0	0	0	0	1	-360	360;
	264	273	0.001385	0.038088	0	1000	0	0	0	0	1	-360	360;
	265	270	0.00042	0.003977	0	1700	0	0	0	0	1	-360	360;
	266	274	0.003057	0.017468	0	490	0	0	0	0	1	-360	360;
	266	275	0.001616	0.009235	0	490	0	0	0	0	1	-360	360;
	266	275	0.001616	0.009235	0	490	0	0	0	0	1	-360	360;
	267	276	0.001427	0.008156	0	490	0	0	0	0	1	-360	360;
	269	276	0.002311	0.013207	0	490	0	0	0	0	1	-360	360;
	269	276	0.002311	0.013207	0	490	0	0	0	0	1	-360	360;
	269	277	0.001692	0.009667	0	490	0	0	0	0	1	-360	360;
	269	277	0.001692	0.009667	0	490	0	0	0	0	1	-360	360;
	269	278	0.003612	0.02064	0	490	0	0	0	0	1	-360	360;
	269	278	0.003612	0.02064	0	490	0	0	0	0	1	-360	360;
	269	279	0.001631	0.00932	0	490	0	0	0	0	1	-360	360;
	269	279	0.001631	0.00932	0	490	0	0	0	0	1	-360	360;
	269	280	0.003261	0.018632	0	490	0	0	0	0	1	-360	360;
	269	280	0.003261	0.018632	0	490	0	0	0	0	1	-360	360;
	272	281	0.000534	0.005052	0	1700	0	0	0	0	1	-360	360;
	272	282	0.000496	0.004693	0	1700	0	0	0	0	1	-360	360;
	272	282	0.000496	0.004693	0	1700	0	0	0	0	1	-360	360;
	272	283	0.001385	0.038088	0	1000	0	0	0	0	1	-360	360;
	273	284	0.002296	0.013117	0	490	0	0	0	0	1	-360	360;
	273	284	0.002296	0.013117	0	490	0	0	0	0	1	-360	360;
	274	283	0.002135	0.012198	0	490	0	0	0	0	1	-360	360;
	275	285	0.001042	0.005954	0	490	0	0	0	0	1	-360	360;
	275	285	0.001042	0.005954	0	490	0	0	0	0	1	-360	360;
	275	286	0.001594	0.009108	0	490	0	0	0	0	1	-360	360;
	275	286	0.001594	0.009108	0	490	0	0	0	0	1	-360	360;
	276	285	0.003049	0.017425	0	490	0	0	0	0	1	-360	360;
	276	285	0.003049	0.017425	0	490	0	0	0	0	1	-360	360;
	277	287	0.00163	0.009311	0	490	0	0	0	0	1	-360	360;
	277	287	0.00163	0.009311	0	490	0	0	0	0	1	-360	360;
	278	280	0.001863	0.010643	0	490	0	0	0	0	1	-360	360;
	278	280	0.001863	0.010643	0	490	0	0	0	0	1	-360	360;
	278	288	0.002261	0.012918	0	490	0	0	0	0	1	-360	360;
	278	288	0.002261	0.012918	0	490	0	0	0	0	1	-360	360;
	278	289	0.008583	0.049044	0	490	0	0	0	0	1	-360	360;
	278	289	0.008583	0.049044	0	490	0	0	0	0	1	-360	360;
	278	290	0.005023	0.028701	0	490	0	0	0	0	1	-360	360;
	278	290	0.005023	0.028701	0	490	0	0	0	0	1	-360	360;
	279	280	0.002036	0.011632	0	490	0	0	0	0	1	-360	360;
	279	280	0.002036	0.011632	0	490	0	0	0	0	1	-360	360;
	281	282	0.000355	0.003363	0	1700	0	0	0	0	1	-360	360;
	281	282	0.000355	0.003363	0	1700	0	0	0	0	1	-360	360;
	281	291	0.000313	0.002964	0	1700	0	0	0	0	1	-360	360;
	281	291	0.000313	0.002964	0	1700	0	0	0	0	1	-360	360;
	283	290	0.003329	0.01902	0	490	0	0	0	0	1	-360	360;
	283	292	0.001398	0.00799	0	490	0	0	0	0	1	-360	360;
	284	293	0.006419	0.03668	0	490	0	0	0	0	1	-360	360;
	284	294	0.001598	0.009131	0	490	0	0	0	0	1	-360	360;
	284	294	0.001598	0.009131	0	490	0	0	0	0	1	-360	360;
	285	295	0.002107	0.012038	0	490	0	0	0	0	1	-360	360;
	285	295	0.002107	0.012038	0	490	0	0	0	0	1	-360	360;
	287	296	0.001234	0.007052	0	490	0	0	0	0	1	-360	360;
	287	296	0.001234	0.007052	0	490	0	0	0	0	1	-360	360;
	287	297	0.005281	0.030176	0	490	0	0	0	0	1	-360	360;
	287	297	0.005281	0.030176	0	490	0	0	0	0	1	-360	360;
	288	298	0.00203	0.011597	0	490	0	0	0	0	1	-360	360;
	288	298	0.00203	0.011597	0	490	0	0	0	0	1	-360	360;
	289	297	0.001304	0.007449	0	490	0	0	0	0	1	-360	360;
	289	297	0.001304	0.007449	0	490	0	0	0	0	1	-360	360;
	289	299	0.012767	0.072953	0	490	0	0	0	0	1	-360	360;
	289	299	0.012767	0.072953	0	490	0	0	0	0	1	-360	360;
	290	300	0.008068	0.046103	0	490	0	0	0	0	1	-360	360;
	290	300	0.008068	0.046103	0	490	0	0	0	0	1	-360	360;
	290	301	0.001385	0.038088	0	1000	0	0	0	0	1	-360	360;
	290	302	0.001381	0.007892	0	490	0	0	0	0	1	-360	360;
	290	302	0.001381	0.007892	0	490	0	0	0	0	1	-360	360;
	291	301	0.000416	0.003933	0	1700	0	0	0	0	1	-360	360;
	292	303	0.001262	0.007209	0	490	0	0	0	0	1	-360	360;
	295	304	0.001557	0.008897	0	490	0	0	0	0	1	-360	360;
	295	304	0.001557	0.008897	0	490	0	0	0	0	1	-360	360;
	297	299	0.01391	0.079485	0	490	0	0	0	0	1	-360	360;
	297	299	0.01391	0.079485	0	490	0	0	0	0	1	-360	360;
	299	305	0.003081	0.017603	0	490	0	0	0	0	1	-360	360;
	299	305	0.003081	0.017603	0	490	0	0	0	0	1	-360	360;
	299	306	0.002966	0.016948	0	490	0	0	0	0	1	-360	360;
	299	306	0.002966	0.016948	0	490	0	0	0	0	1	-360	360;
	299	307	0.004634	0.02648	0	490	0	0	0	0	1	-360	360;
	299	307	0.004634	0.02648	0	490	0	0	0	0	1	-360	360;
	305	308	0.005036	0.028776	0	490	0	0	0	0	1	-360	360;
	305	308	0.005036	0.028776	0	490	0	0	0	0	1	-360	360;
	305	309	0.001644	0.009396	0	490	0	0	0	0	1	-360	360;
	305	309	0.001644	0.009396	0	490	0	0	0	0	1	-360	360;
	306	308	0.005151	0.029433	0	490	0	0	0	0	1	-360	360;
	306	308	0.005151	0.029433	0	490	0	0	0	0	1	-360	360;
	306	310	0.003916	0.022379	0	490	0	0	0	0	1	-360	360;
	306	310	0.003916	0.022379	0	490	0	0	0	0	1	-360	360;
	307	310	0.001511	0.008633	0	490	0	0	0	0	1	-360	360;
	307	310	0.001511	0.008633	0	490	0	0	0	0	1	-360	360;
	307	311	0.010249	0.058563	0	490	0	0	0	0	1	-360	360;
	307	311	0.010249	0.058563	0	490	0	0	0	0	1	-360	360;
	311	312	0.018055	0.10317	0	490	0	0	0	0	1	-360	360;
	311	313	0.005712	0.032641	0	490	0	0	0	0	1	-360	360;
	311	313	0.005712	0.032641	0	490	0	0	0	0	1	-360	360;